0.12424		0.10000		0.30480		0.90000		0.00266		0.58546
0.13232		0.10000		0.30480		0.90000		0.00266		0.56419
0.14242		0.10000		0.30480		0.90000		0.00266		0.58014
0.15657		0.10000		0.30480		0.90000		0.00266		0.61503
0.17273		0.10000		0.30480		0.90000		0.00266		0.61227
0.19293		0.10000		0.30480		0.90000		0.00266		0.57206
0.21919		0.10000		0.30480		0.90000		0.00266		0.56419
0.25354		0.10000		0.30480		0.90000		0.00266		0.51867
0.29394		0.10000		0.30480		0.90000		0.00266		0.48123
0.34646		0.10000		0.30480		0.90000		0.00266		0.44379
0.41515		0.10000		0.30480		0.90000		0.00266		0.39295
0.49596		0.10000		0.30480		0.90000		0.00266		0.35551
0.59697		0.10000		0.30480		0.90000		0.00266		0.28850
0.73838		0.10000		0.30480		0.90000		0.00266		0.21362
0.11212		0.10000		0.30480		0.58081		0.00283		0.59004
0.11737		0.10000		0.30480		0.58081		0.00283		0.61727
0.12424		0.10000		0.30480		0.58081		0.00283		0.62556
0.13232		0.10000		0.30480		0.58081		0.00283		0.60174
0.14242		0.10000		0.30480		0.58081		0.00283		0.58302
0.15657		0.10000		0.30480		0.58081		0.00283		0.60216
0.17273		0.10000		0.30480		0.58081		0.00283		0.59429
0.19293		0.10000		0.30480		0.58081		0.00283		0.54090
0.21919		0.10000		0.30480		0.58081		0.00283		0.52239
0.25354		0.10000		0.30480		0.58081		0.00283		0.47708
0.29394		0.10000		0.30480		0.58081		0.00283		0.44517
0.34646		0.10000		0.30480		0.58081		0.00283		0.41050
0.41515		0.10000		0.30480		0.58081		0.00283		0.37859
0.49596		0.10000		0.30480		0.58081		0.00283		0.30626
0.59697		0.10000		0.30480		0.58081		0.00283		0.26371
0.10000		0.10000		0.30480		0.25960		0.00310		0.41375
0.10202		0.10000		0.30480		0.25960		0.00310		0.43906
0.10465		0.10000		0.30480		0.25960		0.00310		0.51267
0.10808		0.10000		0.30480		0.25960		0.00310		0.55585
0.11212		0.10000		0.30480		0.25960		0.00310		0.60159
0.11737		0.10000		0.30480		0.25960		0.00310		0.63711
0.12424		0.10000		0.30480		0.25960		0.00310		0.64711
0.13232		0.10000		0.30480		0.25960		0.00310		0.62158
0.14242		0.10000		0.30480		0.25960		0.00310		0.57053
0.15657		0.10000		0.30480		0.25960		0.00310		0.53968
0.17273		0.10000		0.30480		0.25960		0.00310		0.53203
0.19293		0.10000		0.30480		0.25960		0.00310		0.48331
0.21919		0.10000		0.30480		0.25960		0.00310		0.46034
0.25354		0.10000		0.30480		0.25960		0.00310		0.43715
0.29394		0.10000		0.30480		0.25960		0.00310		0.40652
0.34646		0.10000		0.30480		0.25960		0.00310		0.37333
0.41515		0.10000		0.30480		0.25960		0.00310		0.34249
0.49596		0.10000		0.30480		0.25960		0.00310		0.28633
0.59697		0.10000		0.30480		0.25960		0.00310		0.23272
0.10000		0.10000		0.30480		0.10000		0.00331		0.39388
0.10202		0.10000		0.30480		0.10000		0.00331		0.42366
0.10465		0.10000		0.30480		0.10000		0.00331		0.51237
0.10808		0.10000		0.30480		0.10000		0.00331		0.56087
0.11212		0.10000		0.30480		0.10000		0.00331		0.60916
0.11737		0.10000		0.30480		0.10000		0.00331		0.64703
0.12424		0.10000		0.30480		0.10000		0.00331		0.65000
0.13232		0.10000		0.30480		0.10000		0.00331		0.61022
0.14242		0.10000		0.30480		0.10000		0.00331		0.54619
0.15657		0.10000		0.30480		0.10000		0.00331		0.50386
0.17273		0.10000		0.30480		0.10000		0.00331		0.50407
0.19293		0.10000		0.30480		0.10000		0.00331		0.46961
0.21919		0.10000		0.30480		0.10000		0.00331		0.43515
0.25354		0.10000		0.30480		0.10000		0.00331		0.41409
0.29394		0.10000		0.30480		0.10000		0.00331		0.36091
0.34646		0.10000		0.30480		0.10000		0.00331		0.32113
0.41515		0.10000		0.30480		0.10000		0.00331		0.25178
0.49596		0.10000		0.30480		0.10000		0.00331		0.20392
0.12424		0.15405		0.30480		0.90000		0.00337		0.60505
0.13232		0.15405		0.30480		0.90000		0.00337		0.58102
0.14242		0.15405		0.30480		0.90000		0.00337		0.57846
0.15657		0.15405		0.30480		0.90000		0.00337		0.59463
0.17273		0.15405		0.30480		0.90000		0.00337		0.59484
0.19293		0.15405		0.30480		0.90000		0.00337		0.54953
0.21919		0.15405		0.30480		0.90000		0.00337		0.52571
0.25354		0.15405		0.30480		0.90000		0.00337		0.49103
0.29394		0.15405		0.30480		0.90000		0.00337		0.44572
0.34646		0.15405		0.30480		0.90000		0.00337		0.41360
0.41515		0.15405		0.30480		0.90000		0.00337		0.35510
0.49596		0.15405		0.30480		0.90000		0.00337		0.31511
0.59697		0.15405		0.30480		0.90000		0.00337		0.22427
0.73838		0.15405		0.30480		0.90000		0.00337		0.16811
0.10465		0.15405		0.30480		0.25960		0.00392		0.49293
0.10808		0.15405		0.30480		0.25960		0.00392		0.53866
0.11212		0.15405		0.30480		0.25960		0.00392		0.59525
0.11737		0.15405		0.30480		0.25960		0.00392		0.63035
0.12424		0.15405		0.30480		0.25960		0.00392		0.64141
0.13232		0.15405		0.30480		0.25960		0.00392		0.61482
0.14242		0.15405		0.30480		0.25960		0.00392		0.56440
0.15657		0.15405		0.30480		0.25960		0.00392		0.50058
0.17273		0.15405		0.30480		0.25960		0.00392		0.49825
0.19293		0.15405		0.30480		0.25960		0.00392		0.47442
0.21919		0.15405		0.30480		0.25960		0.00392		0.43464
0.25354		0.15405		0.30480		0.25960		0.00392		0.40550
0.29394		0.15405		0.30480		0.25960		0.00392		0.37359
0.34646		0.15405		0.30480		0.25960		0.00392		0.34189
0.41515		0.15405		0.30480		0.25960		0.00392		0.28871
0.49596		0.15405		0.30480		0.25960		0.00392		0.21936
0.59697		0.15405		0.30480		0.25960		0.00392		0.15810
0.10808		0.20811		0.30480		0.90000		0.00426		0.61446
0.11212		0.20811		0.30480		0.90000		0.00426		0.63339
0.11737		0.20811		0.30480		0.90000		0.00426		0.65254
0.12424		0.20811		0.30480		0.90000		0.00426		0.65551
0.13232		0.20811		0.30480		0.90000		0.00426		0.64509
0.14242		0.20811		0.30480		0.90000		0.00426		0.61595
0.15657		0.20811		0.30480		0.90000		0.00426		0.59212
0.17273		0.20811		0.30480		0.90000		0.00426		0.57106
0.19293		0.20811		0.30480		0.90000		0.00426		0.53915
0.21919		0.20811		0.30480		0.90000		0.00426		0.48576
0.25354		0.20811		0.30480		0.90000		0.00426		0.45917
0.29394		0.20811		0.30480		0.90000		0.00426		0.41386
0.34646		0.20811		0.30480		0.90000		0.00426		0.37131
0.41515		0.20811		0.30480		0.90000		0.00426		0.33940
0.49596		0.20811		0.30480		0.90000		0.00426		0.24559
0.10808		0.20811		0.30480		0.58081		0.00452		0.58457
0.11212		0.20811		0.30480		0.58081		0.00452		0.62754
0.11737		0.20811		0.30480		0.58081		0.00452		0.65711
0.12424		0.20811		0.30480		0.58081		0.00452		0.66519
0.13232		0.20811		0.30480		0.58081		0.00452		0.65200
0.14242		0.20811		0.30480		0.58081		0.00452		0.60946
0.15657		0.20811		0.30480		0.58081		0.00452		0.54798
0.17273		0.20811		0.30480		0.58081		0.00452		0.51884
0.19293		0.20811		0.30480		0.58081		0.00452		0.50544
0.21919		0.20811		0.30480		0.58081		0.00452		0.45757
0.25354		0.20811		0.30480		0.58081		0.00452		0.42566
0.29394		0.20811		0.30480		0.58081		0.00452		0.39631
0.34646		0.20811		0.30480		0.58081		0.00452		0.36163
0.41515		0.20811		0.30480		0.58081		0.00452		0.32164
0.49596		0.20811		0.30480		0.58081		0.00452		0.28697
0.10465		0.20811		0.30480		0.25960		0.00496		0.52401
0.10808		0.20811		0.30480		0.25960		0.00496		0.56996
0.11212		0.20811		0.30480		0.25960		0.00496		0.61590
0.11737		0.20811		0.30480		0.25960		0.00496		0.65122
0.12424		0.20811		0.30480		0.25960		0.00496		0.65675
0.13232		0.20811		0.30480		0.25960		0.00496		0.63037
0.14242		0.20811		0.30480		0.25960		0.00496		0.57698
0.15657		0.20811		0.30480		0.25960		0.00496		0.51273
0.17273		0.20811		0.30480		0.25960		0.00496		0.46487
0.19293		0.20811		0.30480		0.25960		0.00496		0.45700
0.21919		0.20811		0.30480		0.25960		0.00496		0.43062
0.25354		0.20811		0.30480		0.25960		0.00496		0.38531
0.29394		0.20811		0.30480		0.25960		0.00496		0.36404
0.34646		0.20811		0.30480		0.25960		0.00496		0.32681
0.41515		0.20811		0.30480		0.25960		0.00496		0.25469
0.10465		0.20811		0.30480		0.10000		0.00530		0.51988
0.10808		0.20811		0.30480		0.10000		0.00530		0.56838
0.11212		0.20811		0.30480		0.10000		0.00530		0.61412
0.11737		0.20811		0.30480		0.10000		0.00530		0.63858
0.12424		0.20811		0.30480		0.10000		0.00530		0.63879
0.13232		0.20811		0.30480		0.10000		0.00530		0.59901
0.14242		0.20811		0.30480		0.10000		0.00530		0.55647
0.15657		0.20811		0.30480		0.10000		0.00530		0.49797
0.17273		0.20811		0.30480		0.10000		0.00530		0.45542
0.19293		0.20811		0.30480		0.10000		0.00530		0.44500
0.21919		0.20811		0.30480		0.10000		0.00530		0.41330
0.25354		0.20811		0.30480		0.10000		0.00530		0.36012
0.29394		0.20811		0.30480		0.10000		0.00530		0.32289
0.34646		0.20811		0.30480		0.10000		0.00530		0.23483
0.10202		0.24414		0.30480		0.90000		0.00498		0.58959
0.10465		0.24414		0.30480		0.90000		0.00498		0.62745
0.10808		0.24414		0.30480		0.90000		0.00498		0.65724
0.11212		0.24414		0.30480		0.90000		0.00498		0.68149
0.11737		0.24414		0.30480		0.90000		0.00498		0.70063
0.12424		0.24414		0.30480		0.90000		0.00498		0.70361
0.13232		0.24414		0.30480		0.90000		0.00498		0.68787
0.14242		0.24414		0.30480		0.90000		0.00498		0.65341
0.15657		0.24414		0.30480		0.90000		0.00498		0.59491
0.17273		0.24414		0.30480		0.90000		0.00498		0.54704
0.19293		0.24414		0.30480		0.90000		0.00498		0.53386
0.21919		0.24414		0.30480		0.90000		0.00498		0.49131
0.25354		0.24414		0.30480		0.90000		0.00498		0.44366
0.29394		0.24414		0.30480		0.90000		0.00498		0.40643
0.34646		0.24414		0.30480		0.90000		0.00498		0.37197
0.41515		0.24414		0.30480		0.90000		0.00498		0.31879
0.49596		0.24414		0.30480		0.90000		0.00498		0.26008
0.59697		0.24414		0.30480		0.90000		0.00498		0.18562
0.10202		0.24414		0.30480		0.25960		0.00580		0.52892
0.10465		0.24414		0.30480		0.25960		0.00580		0.59912
0.10808		0.24414		0.30480		0.25960		0.00580		0.63720
0.11212		0.24414		0.30480		0.25960		0.00580		0.66996
0.11737		0.24414		0.30480		0.25960		0.00580		0.68910
0.12424		0.24414		0.30480		0.25960		0.00580		0.68166
0.13232		0.24414		0.30480		0.25960		0.00580		0.63911
0.14242		0.24414		0.30480		0.25960		0.00580		0.58848
0.15657		0.24414		0.30480		0.25960		0.00580		0.52190
0.17273		0.24414		0.30480		0.25960		0.00580		0.47404
0.19293		0.24414		0.30480		0.25960		0.00580		0.45851
0.21919		0.24414		0.30480		0.25960		0.00580		0.42681
0.25354		0.24414		0.30480		0.25960		0.00580		0.36555
0.29394		0.24414		0.30480		0.25960		0.00580		0.32024
0.14242		0.10000		0.22860		0.90000		0.00214		0.62680
0.15657		0.10000		0.22860		0.90000		0.00214		0.64786
0.17273		0.10000		0.22860		0.90000		0.00214		0.62892
0.19293		0.10000		0.22860		0.90000		0.00214		0.63126
0.21919		0.10000		0.22860		0.90000		0.00214		0.62020
0.25354		0.10000		0.22860		0.90000		0.00214		0.57744
0.29394		0.10000		0.22860		0.90000		0.00214		0.54511
0.34646		0.10000		0.22860		0.90000		0.00214		0.49703
0.41515		0.10000		0.22860		0.90000		0.00214		0.41152
0.49596		0.10000		0.22860		0.90000		0.00214		0.41386
0.59697		0.10000		0.22860		0.90000		0.00214		0.40301
0.73838		0.10000		0.22860		0.90000		0.00214		0.34685
0.90000		0.10000		0.22860		0.90000		0.00214		0.33600
0.10465		0.10000		0.22860		0.58081		0.00229		0.44377
0.10808		0.10000		0.22860		0.58081		0.00229		0.48886
0.11212		0.10000		0.22860		0.58081		0.00229		0.53396
0.11737		0.10000		0.22860		0.58081		0.00229		0.58459
0.12424		0.10000		0.22860		0.58081		0.00229		0.61373
0.13232		0.10000		0.22860		0.58081		0.00229		0.62990
0.14242		0.10000		0.22860		0.58081		0.00229		0.62182
0.15657		0.10000		0.22860		0.58081		0.00229		0.59799
0.17273		0.10000		0.22860		0.58081		0.00229		0.59267
0.19293		0.10000		0.22860		0.58081		0.00229		0.59267
0.21919		0.10000		0.22860		0.58081		0.00229		0.56332
0.25354		0.10000		0.22860		0.58081		0.00229		0.52609
0.29394		0.10000		0.22860		0.58081		0.00229		0.50482
0.34646		0.10000		0.22860		0.58081		0.00229		0.41973
0.10465		0.10000		0.22860		0.25960		0.00254		0.47599
0.10808		0.10000		0.22860		0.25960		0.00254		0.52939
0.11212		0.10000		0.22860		0.25960		0.00254		0.58534
0.11737		0.10000		0.22860		0.25960		0.00254		0.63873
0.12424		0.10000		0.22860		0.25960		0.00254		0.67064
0.13232		0.10000		0.22860		0.25960		0.00254		0.67553
0.14242		0.10000		0.22860		0.25960		0.00254		0.65341
0.15657		0.10000		0.22860		0.25960		0.00254		0.60448
0.17273		0.10000		0.22860		0.25960		0.00254		0.56640
0.19293		0.10000		0.22860		0.25960		0.00254		0.56045
0.21919		0.10000		0.22860		0.25960		0.00254		0.55194
0.25354		0.10000		0.22860		0.25960		0.00254		0.52726
0.29394		0.10000		0.22860		0.25960		0.00254		0.49982
0.34646		0.10000		0.22860		0.25960		0.00254		0.39963
0.10465		0.10000		0.22860		0.10000		0.00272		0.46621
0.10808		0.10000		0.22860		0.10000		0.00272		0.53088
0.11212		0.10000		0.22860		0.10000		0.00272		0.59555
0.11737		0.10000		0.22860		0.10000		0.00272		0.65490
0.12424		0.10000		0.22860		0.10000		0.00272		0.68170
0.13232		0.10000		0.22860		0.10000		0.00272		0.67893
0.14242		0.10000		0.22860		0.10000		0.00272		0.64086
0.15657		0.10000		0.22860		0.10000		0.00272		0.57321
0.17273		0.10000		0.22860		0.10000		0.00272		0.52705
0.19293		0.10000		0.22860		0.10000		0.00272		0.52684
0.21919		0.10000		0.22860		0.10000		0.00272		0.52684
0.25354		0.10000		0.22860		0.10000		0.00272		0.49684
0.29394		0.10000		0.22860		0.10000		0.00272		0.46429
0.34646		0.10000		0.22860		0.10000		0.00272		0.38580
0.10808		0.17207		0.22860		0.90000		0.00293		0.56238
0.11212		0.17207		0.22860		0.90000		0.00293		0.59153
0.11737		0.17207		0.22860		0.90000		0.00293		0.61003
0.12424		0.17207		0.22860		0.90000		0.00293		0.62833
0.13232		0.17207		0.22860		0.90000		0.00293		0.64407
0.14242		0.17207		0.22860		0.90000		0.00293		0.64109
0.15657		0.17207		0.22860		0.90000		0.00293		0.61939
0.17273		0.17207		0.22860		0.90000		0.00293		0.60025
0.19293		0.17207		0.22860		0.90000		0.00293		0.60259
0.21919		0.17207		0.22860		0.90000		0.00293		0.58365
0.25354		0.17207		0.22860		0.90000		0.00293		0.54047
0.29394		0.17207		0.22860		0.90000		0.00293		0.51345
0.34646		0.17207		0.22860		0.90000		0.00293		0.47027
0.41515		0.17207		0.22860		0.90000		0.00293		0.36838
0.49596		0.17207		0.22860		0.90000		0.00293		0.30647
0.10808		0.17207		0.22860		0.58081		0.00314		0.50231
0.11212		0.17207		0.22860		0.58081		0.00314		0.55336
0.11737		0.17207		0.22860		0.58081		0.00314		0.59910
0.12424		0.17207		0.22860		0.58081		0.00314		0.63420
0.13232		0.17207		0.22860		0.58081		0.00314		0.64505
0.14242		0.17207		0.22860		0.58081		0.00314		0.63994
0.15657		0.17207		0.22860		0.58081		0.00314		0.59718
0.17273		0.17207		0.22860		0.58081		0.00314		0.55166
0.19293		0.17207		0.22860		0.58081		0.00314		0.53571
0.21919		0.17207		0.22860		0.58081		0.00314		0.53315
0.25354		0.17207		0.22860		0.58081		0.00314		0.50103
0.29394		0.17207		0.22860		0.58081		0.00314		0.46359
0.34646		0.17207		0.22860		0.58081		0.00314		0.42615
0.10465		0.17207		0.22860		0.25960		0.00347		0.45647
0.10808		0.17207		0.22860		0.25960		0.00347		0.49922
0.11212		0.17207		0.22860		0.25960		0.00347		0.56325
0.11737		0.17207		0.22860		0.25960		0.00347		0.61133
0.12424		0.17207		0.22860		0.25960		0.00347		0.64579
0.13232		0.17207		0.22860		0.25960		0.00347		0.64813
0.14242		0.17207		0.22860		0.25960		0.00347		0.62920
0.15657		0.17207		0.22860		0.25960		0.00347		0.57772
0.17273		0.17207		0.22860		0.25960		0.00347		0.51305
0.19293		0.17207		0.22860		0.25960		0.00347		0.48327
0.21919		0.17207		0.22860		0.25960		0.00347		0.48816
0.25354		0.17207		0.22860		0.25960		0.00347		0.45838
0.29394		0.17207		0.22860		0.25960		0.00347		0.42860
0.34646		0.17207		0.22860		0.25960		0.00347		0.37733
0.10465		0.17207		0.22860		0.10000		0.00372		0.45668
0.10808		0.17207		0.22860		0.10000		0.00372		0.52624
0.11212		0.17207		0.22860		0.10000		0.00372		0.59559
0.11737		0.17207		0.22860		0.10000		0.00372		0.64622
0.12424		0.17207		0.22860		0.10000		0.00372		0.67281
0.13232		0.17207		0.22860		0.10000		0.00372		0.67281
0.14242		0.17207		0.22860		0.10000		0.00372		0.63813
0.15657		0.17207		0.22860		0.10000		0.00372		0.57687
0.17273		0.17207		0.22860		0.10000		0.00372		0.51816
0.19293		0.17207		0.22860		0.10000		0.00372		0.48348
0.21919		0.17207		0.22860		0.10000		0.00372		0.48603
0.25354		0.17207		0.22860		0.10000		0.00372		0.46476
0.29394		0.17207		0.22860		0.10000		0.00372		0.41669
0.34646		0.17207		0.22860		0.10000		0.00372		0.35010
0.11212		0.24414		0.22860		0.90000		0.00401		0.59731
0.11737		0.24414		0.22860		0.90000		0.00401		0.64581
0.12424		0.24414		0.22860		0.90000		0.00401		0.68091
0.13232		0.24414		0.22860		0.90000		0.00401		0.70261
0.14242		0.24414		0.22860		0.90000		0.00401		0.70282
0.15657		0.24414		0.22860		0.90000		0.00401		0.65496
0.17273		0.24414		0.22860		0.90000		0.00401		0.58582
0.19293		0.24414		0.22860		0.90000		0.00401		0.54583
0.21919		0.24414		0.22860		0.90000		0.00401		0.54094
0.25354		0.24414		0.22860		0.90000		0.00401		0.49031
0.29394		0.24414		0.22860		0.90000		0.00401		0.47733
0.34646		0.24414		0.22860		0.90000		0.00401		0.42415
0.41515		0.24414		0.22860		0.90000		0.00401		0.30141
0.49596		0.24414		0.22860		0.90000		0.00401		0.30694
0.59697		0.24414		0.22860		0.90000		0.00401		0.33140
0.73838		0.24414		0.22860		0.90000		0.00401		0.29971
0.90000		0.24414		0.22860		0.90000		0.00401		0.23312
0.10808		0.24414		0.22860		0.58081		0.00429		0.52320
0.11212		0.24414		0.22860		0.58081		0.00429		0.60914
0.11737		0.24414		0.22860		0.58081		0.00429		0.66551
0.12424		0.24414		0.22860		0.58081		0.00429		0.70593
0.13232		0.24414		0.22860		0.58081		0.00429		0.71167
0.14242		0.24414		0.22860		0.58081		0.00429		0.69317
0.15657		0.24414		0.22860		0.58081		0.00429		0.62935
0.17273		0.24414		0.22860		0.58081		0.00429		0.54404
0.19293		0.24414		0.22860		0.58081		0.00429		0.50427
0.21919		0.24414		0.22860		0.58081		0.00429		0.50448
0.25354		0.24414		0.22860		0.58081		0.00429		0.46746
0.29394		0.24414		0.22860		0.58081		0.00429		0.45427
0.34646		0.24414		0.22860		0.58081		0.00429		0.39301
0.41515		0.24414		0.22860		0.58081		0.00429		0.29452
0.10465		0.24414		0.22860		0.25960		0.00474		0.50097
0.10808		0.24414		0.22860		0.25960		0.00474		0.53607
0.11212		0.24414		0.22860		0.25960		0.00474		0.60329
0.11737		0.24414		0.22860		0.25960		0.00474		0.65732
0.12424		0.24414		0.22860		0.25960		0.00474		0.67625
0.13232		0.24414		0.22860		0.25960		0.00474		0.66562
0.14242		0.24414		0.22860		0.25960		0.00474		0.63094
0.15657		0.24414		0.22860		0.25960		0.00474		0.56670
0.17273		0.24414		0.22860		0.25960		0.00474		0.48884
0.19293		0.24414		0.22860		0.25960		0.00474		0.44608
0.21919		0.24414		0.22860		0.25960		0.00474		0.46246
0.25354		0.24414		0.22860		0.25960		0.00474		0.43566
0.29394		0.24414		0.22860		0.25960		0.00474		0.40354
0.34646		0.24414		0.22860		0.25960		0.00474		0.33121
0.41515		0.24414		0.22860		0.25960		0.00474		0.30739
0.10202		0.24414		0.22860		0.10000		0.00509		0.45757
0.10465		0.24414		0.22860		0.10000		0.00509		0.53032
0.10808		0.24414		0.22860		0.10000		0.00509		0.58436
0.11212		0.24414		0.22860		0.10000		0.00509		0.64371
0.11737		0.24414		0.22860		0.10000		0.00509		0.67370
0.12424		0.24414		0.22860		0.10000		0.00509		0.68476
0.13232		0.24414		0.22860		0.10000		0.00509		0.66349
0.14242		0.24414		0.22860		0.10000		0.00509		0.62626
0.15657		0.24414		0.22860		0.10000		0.00509		0.56479
0.17273		0.24414		0.22860		0.10000		0.00509		0.49799
0.19293		0.24414		0.22860		0.10000		0.00509		0.45800
0.21919		0.24414		0.22860		0.10000		0.00509		0.45842
0.25354		0.24414		0.22860		0.10000		0.00509		0.42928
0.29394		0.24414		0.22860		0.10000		0.00509		0.36780
0.34646		0.24414		0.22860		0.10000		0.00509		0.29824
0.10808		0.29099		0.22860		0.90000		0.00519		0.61735
0.11212		0.29099		0.22860		0.90000		0.00519		0.66372
0.11737		0.29099		0.22860		0.90000		0.00519		0.70457
0.12424		0.29099		0.22860		0.90000		0.00519		0.74031
0.13232		0.29099		0.22860		0.90000		0.00519		0.75137
0.14242		0.29099		0.22860		0.90000		0.00519		0.73818
0.15657		0.29099		0.22860		0.90000		0.00519		0.67606
0.17273		0.29099		0.22860		0.90000		0.00519		0.57885
0.19293		0.29099		0.22860		0.90000		0.00519		0.53311
0.21919		0.29099		0.22860		0.90000		0.00519		0.51992
0.25354		0.29099		0.22860		0.90000		0.00519		0.46057
0.29394		0.29099		0.22860		0.90000		0.00519		0.41207
0.34646		0.29099		0.22860		0.90000		0.00519		0.38803
0.41515		0.29099		0.22860		0.90000		0.00519		0.34506
0.49596		0.29099		0.22860		0.90000		0.00519		0.26954
0.10202		0.29099		0.22860		0.25960		0.00614		0.60269
0.10465		0.29099		0.22860		0.25960		0.00614		0.65970
0.10808		0.29099		0.22860		0.25960		0.00614		0.69225
0.11212		0.29099		0.22860		0.25960		0.00614		0.71416
0.11737		0.29099		0.22860		0.25960		0.00614		0.70906
0.12424		0.29099		0.22860		0.25960		0.00614		0.65545
0.13232		0.29099		0.22860		0.25960		0.00614		0.57227
0.14242		0.29099		0.22860		0.25960		0.00614		0.57525
0.15657		0.29099		0.22860		0.25960		0.00614		0.51909
0.17273		0.29099		0.22860		0.25960		0.00614		0.40911
0.19293		0.29099		0.22860		0.25960		0.00614		0.37167
0.21919		0.29099		0.22860		0.25960		0.00614		0.42039
0.25354		0.29099		0.22860		0.25960		0.00614		0.36423
0.29394		0.29099		0.22860		0.25960		0.00614		0.35380
0.34646		0.29099		0.22860		0.25960		0.00614		0.29488
0.10000		0.36306		0.22860		0.90000		0.01044		0.85258
0.10202		0.36306		0.22860		0.90000		0.01044		0.87726
0.10465		0.36306		0.22860		0.90000		0.01044		0.87492
0.10808		0.36306		0.22860		0.90000		0.01044		0.86705
0.11212		0.36306		0.22860		0.90000		0.01044		0.81089
0.11737		0.36306		0.22860		0.90000		0.01044		0.74643
0.12424		0.36306		0.22860		0.90000		0.01044		0.68219
0.13232		0.36306		0.22860		0.90000		0.01044		0.59901
0.14242		0.36306		0.22860		0.90000		0.01044		0.61008
0.15657		0.36306		0.22860		0.90000		0.01044		0.57540
0.17273		0.36306		0.22860		0.90000		0.01044		0.51116
0.19293		0.36306		0.22860		0.90000		0.01044		0.49797
0.21919		0.36306		0.22860		0.90000		0.01044		0.46329
0.25354		0.36306		0.22860		0.90000		0.01044		0.43670
0.29394		0.36306		0.22860		0.90000		0.01044		0.35353
0.34646		0.36306		0.22860		0.90000		0.01044		0.36459
0.10000		0.36306		0.22860		0.58081		0.01117		0.77762
0.10202		0.36306		0.22860		0.58081		0.01117		0.80208
0.10465		0.36306		0.22860		0.58081		0.01117		0.79995
0.10808		0.36306		0.22860		0.58081		0.01117		0.79230
0.11212		0.36306		0.22860		0.58081		0.01117		0.73380
0.11737		0.36306		0.22860		0.58081		0.01117		0.68615
0.12424		0.36306		0.22860		0.58081		0.01117		0.63318
0.13232		0.36306		0.22860		0.58081		0.01117		0.56404
0.14242		0.36306		0.22860		0.58081		0.01117		0.57532
0.15657		0.36306		0.22860		0.58081		0.01117		0.52490
0.17273		0.36306		0.22860		0.58081		0.01117		0.46108
0.19293		0.36306		0.22860		0.58081		0.01117		0.43215
0.21919		0.36306		0.22860		0.58081		0.01117		0.39258
0.25354		0.36306		0.22860		0.58081		0.01117		0.39577
0.29394		0.36306		0.22860		0.58081		0.01117		0.30771
0.34646		0.36306		0.22860		0.58081		0.01117		0.27346
0.10000		0.36306		0.22860		0.25960		0.01235		0.68732
0.10202		0.36306		0.22860		0.25960		0.01235		0.70646
0.10465		0.36306		0.22860		0.25960		0.01235		0.71199
0.10808		0.36306		0.22860		0.25960		0.01235		0.70965
0.11212		0.36306		0.22860		0.25960		0.01235		0.67264
0.11737		0.36306		0.22860		0.25960		0.01235		0.64349
0.12424		0.36306		0.22860		0.25960		0.01235		0.58755
0.13232		0.36306		0.22860		0.25960		0.01235		0.50756
0.14242		0.36306		0.22860		0.25960		0.01235		0.52139
0.15657		0.36306		0.22860		0.25960		0.01235		0.47608
0.17273		0.36306		0.22860		0.25960		0.01235		0.40694
0.19293		0.36306		0.22860		0.25960		0.01235		0.38035
0.21919		0.36306		0.22860		0.25960		0.01235		0.33249
0.25354		0.36306		0.22860		0.25960		0.01235		0.32760
0.29394		0.36306		0.22860		0.25960		0.01235		0.28250
0.34646		0.36306		0.22860		0.25960		0.01235		0.25867
0.10000		0.36306		0.22860		0.10000		0.01327		0.63818
0.10202		0.36306		0.22860		0.10000		0.01327		0.66817
0.10465		0.36306		0.22860		0.10000		0.01327		0.67136
0.10808		0.36306		0.22860		0.10000		0.01327		0.67200
0.11212		0.36306		0.22860		0.10000		0.01327		0.62733
0.11737		0.36306		0.22860		0.10000		0.01327		0.58521
0.12424		0.36306		0.22860		0.10000		0.01327		0.52182
0.13232		0.36306		0.22860		0.10000		0.01327		0.43438
0.14242		0.36306		0.22860		0.10000		0.01327		0.46438
0.15657		0.36306		0.22860		0.10000		0.01327		0.43311
0.17273		0.36306		0.22860		0.10000		0.01327		0.35376
0.19293		0.36306		0.22860		0.10000		0.01327		0.34100
0.21919		0.36306		0.22860		0.10000		0.01327		0.30951
0.25354		0.36306		0.22860		0.10000		0.01327		0.29696
0.29394		0.36306		0.22860		0.10000		0.01327		0.26271
0.34646		0.36306		0.22860		0.10000		0.01327		0.25548
0.12424		0.10000		0.15240		0.90000		0.00160		0.57729
0.13232		0.10000		0.15240		0.90000		0.00160		0.60899
0.14242		0.10000		0.15240		0.90000		0.00160		0.64345
0.15657		0.10000		0.15240		0.90000		0.00160		0.65919
0.17273		0.10000		0.15240		0.90000		0.00160		0.63750
0.19293		0.10000		0.15240		0.90000		0.00160		0.62643
0.21919		0.10000		0.15240		0.90000		0.00160		0.65302
0.25354		0.10000		0.15240		0.90000		0.00160		0.64196
0.29394		0.10000		0.15240		0.90000		0.00160		0.59091
0.34646		0.10000		0.15240		0.90000		0.00160		0.56900
0.41515		0.10000		0.15240		0.90000		0.00160		0.50731
0.49596		0.10000		0.15240		0.90000		0.00160		0.45881
0.59697		0.10000		0.15240		0.90000		0.00160		0.39158
0.73838		0.10000		0.15240		0.90000		0.00160		0.31096
0.11212		0.10000		0.15240		0.58081		0.00173		0.46574
0.11737		0.10000		0.15240		0.58081		0.00173		0.52977
0.12424		0.10000		0.15240		0.58081		0.00173		0.59635
0.13232		0.10000		0.15240		0.58081		0.00173		0.63613
0.14242		0.10000		0.15240		0.58081		0.00173		0.66528
0.15657		0.10000		0.15240		0.58081		0.00173		0.67017
0.17273		0.10000		0.15240		0.58081		0.00173		0.65932
0.19293		0.10000		0.15240		0.58081		0.00173		0.61869
0.21919		0.10000		0.15240		0.58081		0.00173		0.61848
0.25354		0.10000		0.15240		0.58081		0.00173		0.60742
0.29394		0.10000		0.15240		0.58081		0.00173		0.56423
0.34646		0.10000		0.15240		0.58081		0.00173		0.52381
0.41515		0.10000		0.15240		0.58081		0.00173		0.49403
0.49596		0.10000		0.15240		0.58081		0.00173		0.43766
0.59697		0.10000		0.15240		0.58081		0.00173		0.39171
0.73838		0.10000		0.15240		0.58081		0.00173		0.30045
0.11212		0.10000		0.15240		0.25960		0.00193		0.44319
0.11737		0.10000		0.15240		0.25960		0.00193		0.54721
0.12424		0.10000		0.15240		0.25960		0.00193		0.62167
0.13232		0.10000		0.15240		0.25960		0.00193		0.66698
0.14242		0.10000		0.15240		0.25960		0.00193		0.68804
0.15657		0.10000		0.15240		0.25960		0.00193		0.68783
0.17273		0.10000		0.15240		0.25960		0.00193		0.65847
0.19293		0.10000		0.15240		0.25960		0.00193		0.59955
0.21919		0.10000		0.15240		0.25960		0.00193		0.57274
0.25354		0.10000		0.15240		0.25960		0.00193		0.56721
0.29394		0.10000		0.15240		0.25960		0.00193		0.52701
0.34646		0.10000		0.15240		0.25960		0.00193		0.48148
0.41515		0.10000		0.15240		0.25960		0.00193		0.46531
0.49596		0.10000		0.15240		0.25960		0.00193		0.35597
0.11212		0.10000		0.15240		0.10000		0.00209		0.48795
0.11737		0.10000		0.15240		0.10000		0.00209		0.58112
0.12424		0.10000		0.15240		0.10000		0.00209		0.64749
0.13232		0.10000		0.15240		0.10000		0.00209		0.68727
0.14242		0.10000		0.15240		0.10000		0.00209		0.69748
0.15657		0.10000		0.15240		0.10000		0.00209		0.68366
0.17273		0.10000		0.15240		0.10000		0.00209		0.64303
0.19293		0.10000		0.15240		0.10000		0.00209		0.57836
0.21919		0.10000		0.15240		0.10000		0.00209		0.54305
0.25354		0.10000		0.15240		0.10000		0.00209		0.53454
0.29394		0.10000		0.15240		0.10000		0.00209		0.50454
0.34646		0.10000		0.15240		0.10000		0.00209		0.44796
0.41515		0.10000		0.15240		0.10000		0.00209		0.41009
0.11737		0.19730		0.15240		0.90000		0.00244		0.61105
0.12424		0.19730		0.15240		0.90000		0.00244		0.61084
0.13232		0.19730		0.15240		0.90000		0.00244		0.64020
0.14242		0.19730		0.15240		0.90000		0.00244		0.66934
0.15657		0.19730		0.15240		0.90000		0.00244		0.67998
0.17273		0.19730		0.15240		0.90000		0.00244		0.66870
0.19293		0.19730		0.15240		0.90000		0.00244		0.63084
0.21919		0.19730		0.15240		0.90000		0.00244		0.60361
0.25354		0.19730		0.15240		0.90000		0.00244		0.59255
0.29394		0.19730		0.15240		0.90000		0.00244		0.54638
0.34646		0.19730		0.15240		0.90000		0.00244		0.49491
0.41515		0.19730		0.15240		0.90000		0.00244		0.46491
0.49596		0.19730		0.15240		0.90000		0.00244		0.38386
0.59697		0.19730		0.15240		0.90000		0.00244		0.30537
0.73838		0.19730		0.15240		0.90000		0.00244		0.24857
0.11212		0.19730		0.15240		0.25960		0.00295		0.47502
0.11737		0.19730		0.15240		0.25960		0.00295		0.57712
0.12424		0.19730		0.15240		0.25960		0.00295		0.64137
0.13232		0.19730		0.15240		0.25960		0.00295		0.67881
0.14242		0.19730		0.15240		0.25960		0.00295		0.68391
0.15657		0.19730		0.15240		0.25960		0.00295		0.66732
0.17273		0.19730		0.15240		0.25960		0.00295		0.62669
0.19293		0.19730		0.15240		0.25960		0.00295		0.57244
0.21919		0.19730		0.15240		0.25960		0.00295		0.51565
0.25354		0.19730		0.15240		0.25960		0.00295		0.49374
0.29394		0.19730		0.15240		0.25960		0.00295		0.48544
0.34646		0.19730		0.15240		0.25960		0.00295		0.43672
0.41515		0.19730		0.15240		0.25960		0.00295		0.38248
0.49596		0.19730		0.15240		0.25960		0.00295		0.29590
0.59697		0.19730		0.15240		0.25960		0.00295		0.21209
0.10808		0.29459		0.15240		0.90000		0.00401		0.54122
0.11212		0.29459		0.15240		0.90000		0.00401		0.58738
0.11737		0.29459		0.15240		0.90000		0.00401		0.64439
0.12424		0.29459		0.15240		0.90000		0.00401		0.69353
0.13232		0.29459		0.15240		0.90000		0.00401		0.73437
0.14242		0.29459		0.15240		0.90000		0.00401		0.75373
0.15657		0.29459		0.15240		0.90000		0.00401		0.73522
0.17273		0.29459		0.15240		0.90000		0.00401		0.68991
0.19293		0.29459		0.15240		0.90000		0.00401		0.61503
0.21919		0.29459		0.15240		0.90000		0.00401		0.52398
0.25354		0.29459		0.15240		0.90000		0.00401		0.48399
0.29394		0.29459		0.15240		0.90000		0.00401		0.45485
0.34646		0.29459		0.15240		0.90000		0.00401		0.37720
0.10808		0.29459		0.15240		0.58081		0.00433		0.59835
0.11212		0.29459		0.15240		0.58081		0.00433		0.65281
0.11737		0.29459		0.15240		0.58081		0.00433		0.70472
0.12424		0.29459		0.15240		0.58081		0.00433		0.73216
0.13232		0.29459		0.15240		0.58081		0.00433		0.71152
0.14242		0.29459		0.15240		0.58081		0.00433		0.68281
0.15657		0.29459		0.15240		0.58081		0.00433		0.67834
0.17273		0.29459		0.15240		0.58081		0.00433		0.63877
0.19293		0.29459		0.15240		0.58081		0.00433		0.54028
0.21919		0.29459		0.15240		0.58081		0.00433		0.48731
0.25354		0.29459		0.15240		0.58081		0.00433		0.44796
0.29394		0.29459		0.15240		0.58081		0.00433		0.42711
0.34646		0.29459		0.15240		0.58081		0.00433		0.39584
0.41515		0.29459		0.15240		0.58081		0.00433		0.34564
0.10465		0.29459		0.15240		0.25960		0.00485		0.56730
0.10808		0.29459		0.15240		0.25960		0.00485		0.61601
0.11212		0.29459		0.15240		0.25960		0.00485		0.66494
0.11737		0.29459		0.15240		0.25960		0.00485		0.71642
0.12424		0.29459		0.15240		0.25960		0.00485		0.72493
0.13232		0.29459		0.15240		0.25960		0.00485		0.67706
0.14242		0.29459		0.15240		0.25960		0.00485		0.60495
0.15657		0.29459		0.15240		0.25960		0.00485		0.58687
0.17273		0.29459		0.15240		0.25960		0.00485		0.55241
0.19293		0.29459		0.15240		0.25960		0.00485		0.46412
0.21919		0.29459		0.15240		0.25960		0.00485		0.43519
0.25354		0.29459		0.15240		0.25960		0.00485		0.39265
0.29394		0.29459		0.15240		0.25960		0.00485		0.39052
0.34646		0.29459		0.15240		0.25960		0.00485		0.38286
0.10465		0.29459		0.15240		0.10000		0.00525		0.57568
0.10808		0.29459		0.15240		0.10000		0.00525		0.61907
0.11212		0.29459		0.15240		0.10000		0.00525		0.65949
0.11737		0.29459		0.15240		0.10000		0.00525		0.69757
0.12424		0.29459		0.15240		0.10000		0.00525		0.69800
0.13232		0.29459		0.15240		0.10000		0.00525		0.62886
0.14242		0.29459		0.15240		0.10000		0.00525		0.53845
0.15657		0.29459		0.15240		0.10000		0.00525		0.53356
0.17273		0.29459		0.15240		0.10000		0.00525		0.51250
0.19293		0.29459		0.15240		0.10000		0.00525		0.43549
0.21919		0.29459		0.15240		0.10000		0.00525		0.41720
0.25354		0.29459		0.15240		0.10000		0.00525		0.37231
0.29394		0.29459		0.15240		0.10000		0.00525		0.36189
0.34646		0.29459		0.15240		0.10000		0.00525		0.35976
0.10465		0.35946		0.15240		0.90000		0.00752		0.63890
0.10808		0.35946		0.15240		0.90000		0.00752		0.66889
0.11212		0.35946		0.15240		0.90000		0.00752		0.70974
0.11737		0.35946		0.15240		0.90000		0.00752		0.76951
0.12424		0.35946		0.15240		0.90000		0.00752		0.79440
0.13232		0.35946		0.15240		0.90000		0.00752		0.75718
0.14242		0.35946		0.15240		0.90000		0.00752		0.71974
0.15657		0.35946		0.15240		0.90000		0.00752		0.68527
0.17273		0.35946		0.15240		0.90000		0.00752		0.63741
0.19293		0.35946		0.15240		0.90000		0.00752		0.54615
0.21919		0.35946		0.15240		0.90000		0.00752		0.38512
0.25354		0.35946		0.15240		0.90000		0.00752		0.43958
0.29394		0.35946		0.15240		0.90000		0.00752		0.41830
0.34646		0.35946		0.15240		0.90000		0.00752		0.38129
0.41515		0.35946		0.15240		0.90000		0.00752		0.31173
0.49596		0.35946		0.15240		0.90000		0.00752		0.24748
0.10202		0.35946		0.15240		0.25960		0.00909		0.61284
0.10465		0.35946		0.15240		0.25960		0.00909		0.67815
0.10808		0.35946		0.15240		0.25960		0.00909		0.71133
0.11212		0.35946		0.15240		0.25960		0.00909		0.72282
0.11737		0.35946		0.15240		0.25960		0.00909		0.73431
0.12424		0.35946		0.15240		0.25960		0.00909		0.71644
0.13232		0.35946		0.15240		0.25960		0.00909		0.63092
0.14242		0.35946		0.15240		0.25960		0.00909		0.50520
0.15657		0.35946		0.15240		0.25960		0.00909		0.45479
0.17273		0.35946		0.15240		0.25960		0.00909		0.45840
0.19293		0.35946		0.15240		0.25960		0.00909		0.39990
0.21919		0.35946		0.15240		0.25960		0.00909		0.27950
0.25354		0.35946		0.15240		0.25960		0.00909		0.33140
0.29394		0.35946		0.15240		0.25960		0.00909		0.31077
0.34646		0.35946		0.15240		0.25960		0.00909		0.29801
0.41515		0.35946		0.15240		0.25960		0.00909		0.27461
0.49596		0.35946		0.15240		0.25960		0.00909		0.25929
0.10000		0.45676		0.15240		0.90000		0.01930		0.75815
0.10202		0.45676		0.15240		0.90000		0.01930		0.77964
0.10465		0.45676		0.15240		0.90000		0.01930		0.78240
0.10808		0.45676		0.15240		0.90000		0.01930		0.77432
0.11212		0.45676		0.15240		0.90000		0.01930		0.69349
0.11737		0.45676		0.15240		0.90000		0.01930		0.66392
0.12424		0.45676		0.15240		0.90000		0.01930		0.64243
0.13232		0.45676		0.15240		0.90000		0.01930		0.58861
0.14242		0.45676		0.15240		0.90000		0.01930		0.51054
0.15657		0.45676		0.15240		0.90000		0.01930		0.49161
0.17273		0.45676		0.15240		0.90000		0.01930		0.47012
0.19293		0.45676		0.15240		0.90000		0.01930		0.44587
0.21919		0.45676		0.15240		0.90000		0.01930		0.38652
0.25354		0.45676		0.15240		0.90000		0.01930		0.34887
0.29394		0.45676		0.15240		0.90000		0.01930		0.33802
0.34646		0.45676		0.15240		0.90000		0.01930		0.28420
0.10000		0.45676		0.15240		0.58081		0.02084		0.70787
0.10202		0.45676		0.15240		0.58081		0.02084		0.73509
0.10465		0.45676		0.15240		0.58081		0.02084		0.71637
0.10808		0.45676		0.15240		0.58081		0.02084		0.70042
0.11212		0.45676		0.15240		0.58081		0.02084		0.61980
0.11737		0.45676		0.15240		0.58081		0.02084		0.60916
0.12424		0.45676		0.15240		0.58081		0.02084		0.59321
0.13232		0.45676		0.15240		0.58081		0.02084		0.55279
0.14242		0.45676		0.15240		0.58081		0.02084		0.48833
0.15657		0.45676		0.15240		0.58081		0.02084		0.45089
0.17273		0.45676		0.15240		0.58081		0.02084		0.44302
0.19293		0.45676		0.15240		0.58081		0.02084		0.41877
0.21919		0.45676		0.15240		0.58081		0.02084		0.34900
0.25354		0.45676		0.15240		0.58081		0.02084		0.30347
0.29394		0.45676		0.15240		0.58081		0.02084		0.28475
0.34646		0.45676		0.15240		0.58081		0.02084		0.25263
0.10000		0.45676		0.15240		0.25960		0.02333		0.60916
0.10202		0.45676		0.15240		0.25960		0.02333		0.63086
0.10465		0.45676		0.15240		0.25960		0.02333		0.63639
0.10808		0.45676		0.15240		0.25960		0.02333		0.63107
0.11212		0.45676		0.15240		0.25960		0.02333		0.59895
0.11737		0.45676		0.15240		0.25960		0.02333		0.59108
0.12424		0.45676		0.15240		0.25960		0.02333		0.58853
0.13232		0.45676		0.15240		0.25960		0.02333		0.53513
0.14242		0.45676		0.15240		0.25960		0.02333		0.46536
0.15657		0.45676		0.15240		0.25960		0.02333		0.42260
0.17273		0.45676		0.15240		0.25960		0.02333		0.40941
0.19293		0.45676		0.15240		0.25960		0.02333		0.37474
0.21919		0.45676		0.15240		0.25960		0.02333		0.31581
0.25354		0.45676		0.15240		0.25960		0.02333		0.28901
0.29394		0.45676		0.15240		0.25960		0.02333		0.26497
0.34646		0.45676		0.15240		0.25960		0.02333		0.23838
0.10000		0.45676		0.15240		0.10000		0.02528		0.60882
0.10202		0.45676		0.15240		0.10000		0.02528		0.63562
0.10465		0.45676		0.15240		0.10000		0.02528		0.64094
0.10808		0.45676		0.15240		0.10000		0.02528		0.64371
0.11212		0.45676		0.15240		0.10000		0.02528		0.60627
0.11737		0.45676		0.15240		0.10000		0.02528		0.58223
0.12424		0.45676		0.15240		0.10000		0.02528		0.57138
0.13232		0.45676		0.15240		0.10000		0.02528		0.49927
0.14242		0.45676		0.15240		0.10000		0.02528		0.42417
0.15657		0.45676		0.15240		0.10000		0.02528		0.39226
0.17273		0.45676		0.15240		0.10000		0.02528		0.38673
0.19293		0.45676		0.15240		0.10000		0.02528		0.34142
0.21919		0.45676		0.15240		0.10000		0.02528		0.28782
0.25354		0.45676		0.15240		0.10000		0.02528		0.27186
0.29394		0.45676		0.15240		0.10000		0.02528		0.23974
0.34646		0.45676		0.15240		0.10000		0.02528		0.21294
0.10000		0.55405		0.15240		0.90000		0.04832		0.63126
0.10202		0.55405		0.15240		0.90000		0.04832		0.66083
0.10465		0.55405		0.15240		0.90000		0.04832		0.63403
0.10808		0.55405		0.15240		0.90000		0.04832		0.60446
0.11212		0.55405		0.15240		0.90000		0.04832		0.48895
0.11737		0.55405		0.15240		0.90000		0.04832		0.52384
0.12424		0.55405		0.15240		0.90000		0.04832		0.51852
0.13232		0.55405		0.15240		0.90000		0.04832		0.49703
0.14242		0.55405		0.15240		0.90000		0.04832		0.45683
0.15657		0.55405		0.15240		0.90000		0.04832		0.46491
0.17273		0.55405		0.15240		0.90000		0.04832		0.40045
0.19293		0.55405		0.15240		0.90000		0.04832		0.35217
0.21919		0.55405		0.15240		0.90000		0.04832		0.31175
0.25354		0.55405		0.15240		0.90000		0.04832		0.19900
0.29394		0.55405		0.15240		0.90000		0.04832		0.19900
0.34646		0.55405		0.15240		0.90000		0.04832		0.18305
0.10000		0.55405		0.15240		0.25960		0.05841		0.34187
0.10202		0.55405		0.15240		0.25960		0.05841		0.36612
0.10465		0.55405		0.15240		0.25960		0.05841		0.36889
0.10808		0.55405		0.15240		0.25960		0.05841		0.36655
0.11212		0.55405		0.15240		0.25960		0.05841		0.34506
0.11737		0.55405		0.15240		0.25960		0.05841		0.38016
0.12424		0.55405		0.15240		0.25960		0.05841		0.38037
0.13232		0.55405		0.15240		0.25960		0.05841		0.34017
0.14242		0.55405		0.15240		0.25960		0.05841		0.28677
0.15657		0.55405		0.15240		0.25960		0.05841		0.25742
0.17273		0.55405		0.15240		0.25960		0.05841		0.23061
0.19293		0.55405		0.15240		0.25960		0.05841		0.17445
0.21919		0.55405		0.15240		0.25960		0.05841		0.16127
0.25354		0.55405		0.15240		0.25960		0.05841		0.12383
0.29394		0.55405		0.15240		0.25960		0.05841		0.11595
0.34646		0.55405		0.15240		0.25960		0.05841		0.10000
0.12424		0.10000		0.05080		0.90000		0.00074		0.68670
0.13232		0.10000		0.05080		0.90000		0.00074		0.65458
0.14242		0.10000		0.05080		0.90000		0.00074		0.63564
0.15657		0.10000		0.05080		0.90000		0.00074		0.65947
0.17273		0.10000		0.05080		0.90000		0.00074		0.68883
0.19293		0.10000		0.05080		0.90000		0.00074		0.69414
0.21919		0.10000		0.05080		0.90000		0.00074		0.77413
0.25354		0.10000		0.05080		0.90000		0.00074		0.76052
0.29394		0.10000		0.05080		0.90000		0.00074		0.76052
0.34646		0.10000		0.05080		0.90000		0.00074		0.73095
0.41515		0.10000		0.05080		0.90000		0.00074		0.68521
0.49596		0.10000		0.05080		0.90000		0.00074		0.63947
0.59697		0.10000		0.05080		0.90000		0.00074		0.56459
0.12424		0.10000		0.05080		0.58081		0.00076		0.54579
0.13232		0.10000		0.05080		0.58081		0.00076		0.57238
0.14242		0.10000		0.05080		0.58081		0.00076		0.60408
0.15657		0.10000		0.05080		0.58081		0.00076		0.63599
0.17273		0.10000		0.05080		0.58081		0.00076		0.69725
0.19293		0.10000		0.05080		0.58081		0.00076		0.75043
0.21919		0.10000		0.05080		0.58081		0.00076		0.76894
0.25354		0.10000		0.05080		0.58081		0.00076		0.77149
0.29394		0.10000		0.05080		0.58081		0.00076		0.76320
0.34646		0.10000		0.05080		0.58081		0.00076		0.72576
0.41515		0.10000		0.05080		0.58081		0.00076		0.66960
0.49596		0.10000		0.05080		0.58081		0.00076		0.61599
0.59697		0.10000		0.05080		0.58081		0.00076		0.56791
0.12424		0.10000		0.05080		0.25960		0.00079		0.59199
0.13232		0.10000		0.05080		0.25960		0.00079		0.61603
0.14242		0.10000		0.05080		0.25960		0.00079		0.64815
0.15657		0.10000		0.05080		0.25960		0.00079		0.68559
0.17273		0.10000		0.05080		0.25960		0.00079		0.72835
0.19293		0.10000		0.05080		0.25960		0.00079		0.77132
0.21919		0.10000		0.05080		0.25960		0.00079		0.79259
0.25354		0.10000		0.05080		0.25960		0.00079		0.77919
0.29394		0.10000		0.05080		0.25960		0.00079		0.75792
0.34646		0.10000		0.05080		0.25960		0.00079		0.70708
0.41515		0.10000		0.05080		0.25960		0.00079		0.63475
0.49596		0.10000		0.05080		0.25960		0.00079		0.58114
0.59697		0.10000		0.05080		0.25960		0.00079		0.53839
0.12424		0.10000		0.05080		0.10000		0.00081		0.51290
0.13232		0.10000		0.05080		0.10000		0.00081		0.59778
0.14242		0.10000		0.05080		0.10000		0.00081		0.65075
0.15657		0.10000		0.05080		0.10000		0.00081		0.68776
0.17273		0.10000		0.05080		0.10000		0.00081		0.73031
0.19293		0.10000		0.05080		0.10000		0.00081		0.76988
0.21919		0.10000		0.05080		0.10000		0.00081		0.78306
0.25354		0.10000		0.05080		0.10000		0.00081		0.75371
0.29394		0.10000		0.05080		0.10000		0.00081		0.73499
0.34646		0.10000		0.05080		0.10000		0.00081		0.67351
0.41515		0.10000		0.05080		0.10000		0.00081		0.59374
0.49596		0.10000		0.05080		0.10000		0.00081		0.50567
0.59697		0.10000		0.05080		0.10000		0.00081		0.43377
0.15657		0.25135		0.05080		0.90000		0.00143		0.54541
0.17273		0.25135		0.05080		0.90000		0.00143		0.66304
0.19293		0.25135		0.05080		0.90000		0.00143		0.70835
0.21919		0.25135		0.05080		0.90000		0.00143		0.74558
0.25354		0.25135		0.05080		0.90000		0.00143		0.74282
0.29394		0.25135		0.05080		0.90000		0.00143		0.72644
0.34646		0.25135		0.05080		0.90000		0.00143		0.65156
0.41515		0.25135		0.05080		0.90000		0.00143		0.56562
0.49596		0.25135		0.05080		0.90000		0.00143		0.47989
0.59697		0.25135		0.05080		0.90000		0.00143		0.39671
0.13232		0.25135		0.05080		0.25960		0.00153		0.57368
0.14242		0.25135		0.05080		0.25960		0.00153		0.63282
0.15657		0.25135		0.05080		0.25960		0.00153		0.67047
0.17273		0.25135		0.05080		0.25960		0.00153		0.72131
0.19293		0.25135		0.05080		0.25960		0.00153		0.74811
0.21919		0.25135		0.05080		0.25960		0.00153		0.74258
0.25354		0.25135		0.05080		0.25960		0.00153		0.70472
0.29394		0.25135		0.05080		0.25960		0.00153		0.66153
0.34646		0.25135		0.05080		0.25960		0.00153		0.57517
0.41515		0.25135		0.05080		0.25960		0.00153		0.46200
0.49596		0.25135		0.05080		0.25960		0.00153		0.38903
0.12424		0.40270		0.05080		0.90000		0.00530		0.61429
0.13232		0.40270		0.05080		0.90000		0.00530		0.66513
0.14242		0.40270		0.05080		0.90000		0.00530		0.71065
0.15657		0.40270		0.05080		0.90000		0.00530		0.74809
0.17273		0.40270		0.05080		0.90000		0.00530		0.76149
0.19293		0.40270		0.05080		0.90000		0.00530		0.75618
0.21919		0.40270		0.05080		0.90000		0.00530		0.70810
0.25354		0.40270		0.05080		0.90000		0.00530		0.60089
0.29394		0.40270		0.05080		0.90000		0.00530		0.47793
0.10808		0.40270		0.05080		0.58081		0.00545		0.48720
0.11212		0.40270		0.05080		0.58081		0.00545		0.53315
0.11737		0.40270		0.05080		0.58081		0.00545		0.58442
0.12424		0.40270		0.05080		0.58081		0.00545		0.63569
0.13232		0.40270		0.05080		0.58081		0.00545		0.68164
0.14242		0.40270		0.05080		0.58081		0.00545		0.71418
0.15657		0.40270		0.05080		0.58081		0.00545		0.73078
0.17273		0.40270		0.05080		0.58081		0.00545		0.73099
0.19293		0.40270		0.05080		0.58081		0.00545		0.69908
0.21919		0.40270		0.05080		0.58081		0.00545		0.63228
0.25354		0.40270		0.05080		0.58081		0.00545		0.50912
0.29394		0.40270		0.05080		0.58081		0.00545		0.36446
0.10808		0.40270		0.05080		0.25960		0.00566		0.45387
0.11212		0.40270		0.05080		0.25960		0.00566		0.51535
0.11737		0.40270		0.05080		0.25960		0.00566		0.58214
0.12424		0.40270		0.05080		0.25960		0.00566		0.63299
0.13232		0.40270		0.05080		0.25960		0.00566		0.67043
0.14242		0.40270		0.05080		0.25960		0.00566		0.69191
0.15657		0.40270		0.05080		0.25960		0.00566		0.68681
0.17273		0.40270		0.05080		0.25960		0.00566		0.66553
0.19293		0.40270		0.05080		0.25960		0.00566		0.61235
0.21919		0.40270		0.05080		0.25960		0.00566		0.53790
0.25354		0.40270		0.05080		0.25960		0.00566		0.43132
0.10808		0.40270		0.05080		0.10000		0.00581		0.45517
0.11212		0.40270		0.05080		0.10000		0.00581		0.51665
0.11737		0.40270		0.05080		0.10000		0.00581		0.57812
0.12424		0.40270		0.05080		0.10000		0.00581		0.62897
0.13232		0.40270		0.05080		0.10000		0.00581		0.65598
0.14242		0.40270		0.05080		0.10000		0.00581		0.66960
0.15657		0.40270		0.05080		0.10000		0.00581		0.65130
0.17273		0.40270		0.05080		0.10000		0.00581		0.61705
0.19293		0.40270		0.05080		0.10000		0.00581		0.57217
0.21919		0.40270		0.05080		0.10000		0.00581		0.49793
0.25354		0.40270		0.05080		0.10000		0.00581		0.41326
0.10000		0.50360		0.05080		0.90000		0.01407		0.57993
0.10202		0.50360		0.05080		0.90000		0.01407		0.60461
0.10465		0.50360		0.05080		0.90000		0.01407		0.63184
0.10808		0.50360		0.05080		0.90000		0.01407		0.65098
0.11212		0.50360		0.05080		0.90000		0.01407		0.67289
0.11737		0.50360		0.05080		0.90000		0.01407		0.74309
0.12424		0.50360		0.05080		0.90000		0.01407		0.79457
0.13232		0.50360		0.05080		0.90000		0.01407		0.81393
0.14242		0.50360		0.05080		0.90000		0.01407		0.79798
0.15657		0.50360		0.05080		0.90000		0.01407		0.77670
0.17273		0.50360		0.05080		0.90000		0.01407		0.73671
0.19293		0.50360		0.05080		0.90000		0.01407		0.67779
0.21919		0.50360		0.05080		0.90000		0.01407		0.60546
0.25354		0.50360		0.05080		0.90000		0.01407		0.50612
0.10000		0.50360		0.05080		0.25960		0.01505		0.56013
0.10202		0.50360		0.05080		0.25960		0.01505		0.59033
0.10465		0.50360		0.05080		0.25960		0.01505		0.64479
0.10808		0.50360		0.05080		0.25960		0.01505		0.68053
0.11212		0.50360		0.05080		0.25960		0.01505		0.70797
0.11737		0.50360		0.05080		0.25960		0.01505		0.73286
0.12424		0.50360		0.05080		0.25960		0.01505		0.74690
0.13232		0.50360		0.05080		0.25960		0.01505		0.71797
0.14242		0.50360		0.05080		0.25960		0.01505		0.66734
0.15657		0.50360		0.05080		0.25960		0.01505		0.59267
0.17273		0.50360		0.05080		0.25960		0.01505		0.54758
0.19293		0.50360		0.05080		0.25960		0.01505		0.49971
0.21919		0.50360		0.05080		0.25960		0.01505		0.44653
0.25354		0.50360		0.05080		0.25960		0.01505		0.35825
0.10000		0.65495		0.05080		0.90000		0.02643		0.53003
0.10202		0.65495		0.05080		0.90000		0.02643		0.55640
0.10465		0.65495		0.05080		0.90000		0.02643		0.58534
0.10808		0.65495		0.05080		0.90000		0.02643		0.59831
0.11212		0.65495		0.05080		0.90000		0.02643		0.60852
0.11737		0.65495		0.05080		0.90000		0.02643		0.65873
0.12424		0.65495		0.05080		0.90000		0.02643		0.69851
0.13232		0.65495		0.05080		0.90000		0.02643		0.70595
0.14242		0.65495		0.05080		0.90000		0.02643		0.68425
0.15657		0.65495		0.05080		0.90000		0.02643		0.66766
0.17273		0.65495		0.05080		0.90000		0.02643		0.65107
0.19293		0.65495		0.05080		0.90000		0.02643		0.61576
0.21919		0.65495		0.05080		0.90000		0.02643		0.57512
0.25354		0.65495		0.05080		0.90000		0.02643		0.51046
0.29394		0.65495		0.05080		0.90000		0.02643		0.43515
0.34646		0.65495		0.05080		0.90000		0.02643		0.35176
0.41515		0.65495		0.05080		0.90000		0.02643		0.29773
0.10000		0.65495		0.05080		0.58081		0.02719		0.51609
0.10202		0.65495		0.05080		0.58081		0.02719		0.54226
0.10465		0.65495		0.05080		0.58081		0.02719		0.56821
0.10808		0.65495		0.05080		0.58081		0.02719		0.59182
0.11212		0.65495		0.05080		0.58081		0.02719		0.60714
0.11737		0.65495		0.05080		0.58081		0.02719		0.65202
0.12424		0.65495		0.05080		0.58081		0.02719		0.67542
0.13232		0.65495		0.05080		0.58081		0.02719		0.67479
0.14242		0.65495		0.05080		0.58081		0.02719		0.66628
0.15657		0.65495		0.05080		0.58081		0.02719		0.62799
0.17273		0.65495		0.05080		0.58081		0.02719		0.60331
0.19293		0.65495		0.05080		0.58081		0.02719		0.57332
0.21919		0.65495		0.05080		0.58081		0.02719		0.52715
0.25354		0.65495		0.05080		0.58081		0.02719		0.47312
0.29394		0.65495		0.05080		0.58081		0.02719		0.39207
0.34646		0.65495		0.05080		0.58081		0.02719		0.30315
0.10000		0.65495		0.05080		0.25960		0.02826		0.49148
0.10202		0.65495		0.05080		0.25960		0.02826		0.51509
0.10465		0.65495		0.05080		0.25960		0.02826		0.54913
0.10808		0.65495		0.05080		0.25960		0.02826		0.56742
0.11212		0.65495		0.05080		0.25960		0.02826		0.58040
0.11737		0.65495		0.05080		0.25960		0.02826		0.61188
0.12424		0.65495		0.05080		0.25960		0.02826		0.63273
0.13232		0.65495		0.05080		0.25960		0.02826		0.62146
0.14242		0.65495		0.05080		0.25960		0.02826		0.59699
0.15657		0.65495		0.05080		0.25960		0.02826		0.55657
0.17273		0.65495		0.05080		0.25960		0.02826		0.52679
0.19293		0.65495		0.05080		0.25960		0.02826		0.50488
0.21919		0.65495		0.05080		0.25960		0.02826		0.46446
0.25354		0.65495		0.05080		0.25960		0.02826		0.41341
0.29394		0.65495		0.05080		0.25960		0.02826		0.33555
0.34646		0.65495		0.05080		0.25960		0.02826		0.23366
0.10000		0.65495		0.05080		0.10000		0.02899		0.45302
0.10202		0.65495		0.05080		0.10000		0.02899		0.47961
0.10465		0.65495		0.05080		0.10000		0.02899		0.51407
0.10808		0.65495		0.05080		0.10000		0.02899		0.53237
0.11212		0.65495		0.05080		0.10000		0.02899		0.53215
0.11737		0.65495		0.05080		0.10000		0.02899		0.55321
0.12424		0.65495		0.05080		0.10000		0.02899		0.57172
0.13232		0.65495		0.05080		0.10000		0.02899		0.54981
0.14242		0.65495		0.05080		0.10000		0.02899		0.52279
0.15657		0.65495		0.05080		0.10000		0.02899		0.48514
0.17273		0.65495		0.05080		0.10000		0.02899		0.47131
0.19293		0.65495		0.05080		0.10000		0.02899		0.45238
0.21919		0.65495		0.05080		0.10000		0.02899		0.41196
0.25354		0.65495		0.05080		0.10000		0.02899		0.36070
0.29394		0.65495		0.05080		0.10000		0.02899		0.29092
0.34646		0.65495		0.05080		0.10000		0.02899		0.20222
0.10000		0.80991		0.05080		0.90000		0.03412		0.41111
0.10202		0.80991		0.05080		0.90000		0.03412		0.43472
0.10465		0.80991		0.05080		0.90000		0.03412		0.47982
0.10808		0.80991		0.05080		0.90000		0.03412		0.53577
0.11212		0.80991		0.05080		0.90000		0.03412		0.60235
0.11737		0.80991		0.05080		0.90000		0.03412		0.63150
0.12424		0.80991		0.05080		0.90000		0.03412		0.55045
0.13232		0.80991		0.05080		0.90000		0.03412		0.49365
0.14242		0.80991		0.05080		0.90000		0.03412		0.48514
0.15657		0.80991		0.05080		0.90000		0.03412		0.46578
0.17273		0.80991		0.05080		0.90000		0.03412		0.45472
0.19293		0.80991		0.05080		0.90000		0.03412		0.41920
0.21919		0.80991		0.05080		0.90000		0.03412		0.37325
0.25354		0.80991		0.05080		0.90000		0.03412		0.30560
0.10000		0.80991		0.05080		0.25960		0.03648		0.58063
0.10202		0.80991		0.05080		0.25960		0.03648		0.60722
0.10465		0.80991		0.05080		0.25960		0.03648		0.66338
0.10808		0.80991		0.05080		0.25960		0.03648		0.67934
0.11212		0.80991		0.05080		0.25960		0.03648		0.63318
0.11737		0.80991		0.05080		0.25960		0.03648		0.46044
0.12424		0.80991		0.05080		0.25960		0.03648		0.43598
0.13232		0.80991		0.05080		0.25960		0.03648		0.43024
0.14242		0.80991		0.05080		0.25960		0.03648		0.42449
0.15657		0.80991		0.05080		0.25960		0.03648		0.40258
0.17273		0.80991		0.05080		0.25960		0.03648		0.40513
0.19293		0.80991		0.05080		0.25960		0.03648		0.37237
0.21919		0.80991		0.05080		0.25960		0.03648		0.30473
0.25354		0.80991		0.05080		0.25960		0.03648		0.21283
0.19293		0.10000		0.02540		0.90000		0.00040		0.74514
0.21919		0.10000		0.02540		0.90000		0.00040		0.81533
0.25354		0.10000		0.02540		0.90000		0.00040		0.84831
0.29394		0.10000		0.02540		0.90000		0.00040		0.81172
0.34646		0.10000		0.02540		0.90000		0.00040		0.77236
0.41515		0.10000		0.02540		0.90000		0.00040		0.66345
0.49596		0.10000		0.02540		0.90000		0.00040		0.68302
0.59697		0.10000		0.02540		0.90000		0.00040		0.73450
0.73838		0.10000		0.02540		0.90000		0.00040		0.67642
0.90000		0.10000		0.02540		0.90000		0.00040		0.52199
0.17273		0.10000		0.02540		0.58081		0.00041		0.61571
0.19293		0.10000		0.02540		0.58081		0.00041		0.66783
0.21919		0.10000		0.02540		0.58081		0.00041		0.67698
0.25354		0.10000		0.02540		0.58081		0.00041		0.73484
0.29394		0.10000		0.02540		0.58081		0.00041		0.78972
0.34646		0.10000		0.02540		0.58081		0.00041		0.79610
0.41515		0.10000		0.02540		0.58081		0.00041		0.79738
0.49596		0.10000		0.02540		0.58081		0.00041		0.76334
0.59697		0.10000		0.02540		0.58081		0.00041		0.69719
0.73838		0.10000		0.02540		0.58081		0.00041		0.57444
0.90000		0.10000		0.02540		0.58081		0.00041		0.49467
0.15657		0.10000		0.02540		0.25960		0.00043		0.54196
0.17273		0.10000		0.02540		0.25960		0.00043		0.66683
0.19293		0.10000		0.02540		0.25960		0.00043		0.70533
0.21919		0.10000		0.02540		0.25960		0.00043		0.73597
0.25354		0.10000		0.02540		0.25960		0.00043		0.78000
0.29394		0.10000		0.02540		0.25960		0.00043		0.80532
0.34646		0.10000		0.02540		0.25960		0.00043		0.81148
0.41515		0.10000		0.02540		0.25960		0.00043		0.79106
0.49596		0.10000		0.02540		0.25960		0.00043		0.73809
0.59697		0.10000		0.02540		0.25960		0.00043		0.64747
0.73838		0.10000		0.02540		0.25960		0.00043		0.55962
0.13232		0.10000		0.02540		0.10000		0.00044		0.56262
0.14242		0.10000		0.02540		0.10000		0.00044		0.62260
0.15657		0.10000		0.02540		0.10000		0.00044		0.65068
0.17273		0.10000		0.02540		0.10000		0.00044		0.68110
0.19293		0.10000		0.02540		0.10000		0.00044		0.72790
0.21919		0.10000		0.02540		0.10000		0.00044		0.77747
0.25354		0.10000		0.02540		0.10000		0.00044		0.81619
0.29394		0.10000		0.02540		0.10000		0.00044		0.84937
0.34646		0.10000		0.02540		0.10000		0.00044		0.84788
0.41515		0.10000		0.02540		0.10000		0.00044		0.81959
0.49596		0.10000		0.02540		0.10000		0.00044		0.75620
0.59697		0.10000		0.02540		0.10000		0.00044		0.64452
0.73838		0.10000		0.02540		0.10000		0.00044		0.57325
0.17273		0.27297		0.02540		0.90000		0.00085		0.63220
0.19293		0.27297		0.02540		0.90000		0.00085		0.68389
0.21919		0.27297		0.02540		0.90000		0.00085		0.73814
0.25354		0.27297		0.02540		0.90000		0.00085		0.77111
0.29394		0.27297		0.02540		0.90000		0.00085		0.78260
0.34646		0.27297		0.02540		0.90000		0.00085		0.76196
0.41515		0.27297		0.02540		0.90000		0.00085		0.69857
0.49596		0.27297		0.02540		0.90000		0.00085		0.61093
0.59697		0.27297		0.02540		0.90000		0.00085		0.61710
0.73838		0.27297		0.02540		0.90000		0.00085		0.54307
0.90000		0.27297		0.02540		0.90000		0.00085		0.44734
0.15657		0.27297		0.02540		0.58081		0.00087		0.48491
0.17273		0.27297		0.02540		0.58081		0.00087		0.56106
0.19293		0.27297		0.02540		0.58081		0.00087		0.64807
0.21919		0.27297		0.02540		0.58081		0.00087		0.71635
0.25354		0.27297		0.02540		0.58081		0.00087		0.74975
0.29394		0.27297		0.02540		0.58081		0.00087		0.78294
0.34646		0.27297		0.02540		0.58081		0.00087		0.77613
0.41515		0.27297		0.02540		0.58081		0.00087		0.71274
0.49596		0.27297		0.02540		0.58081		0.00087		0.60127
0.59697		0.27297		0.02540		0.58081		0.00087		0.56191
0.73838		0.27297		0.02540		0.58081		0.00087		0.54702
0.90000		0.27297		0.02540		0.58081		0.00087		0.48087
0.11212		0.27297		0.02540		0.25960		0.00091		0.37625
0.11737		0.27297		0.02540		0.25960		0.00091		0.42581
0.12424		0.27297		0.02540		0.25960		0.00091		0.46985
0.13232		0.27297		0.02540		0.25960		0.00091		0.51643
0.14242		0.27297		0.02540		0.25960		0.00091		0.56047
0.15657		0.27297		0.02540		0.25960		0.00091		0.58046
0.17273		0.27297		0.02540		0.25960		0.00091		0.64322
0.19293		0.27297		0.02540		0.25960		0.00091		0.69257
0.21919		0.27297		0.02540		0.25960		0.00091		0.73937
0.25354		0.27297		0.02540		0.25960		0.00091		0.77256
0.29394		0.27297		0.02540		0.25960		0.00091		0.78170
0.34646		0.27297		0.02540		0.25960		0.00091		0.75852
0.41515		0.27297		0.02540		0.25960		0.00091		0.69491
0.49596		0.27297		0.02540		0.25960		0.00091		0.58259
0.11212		0.27297		0.02540		0.10000		0.00093		0.37118
0.11737		0.27297		0.02540		0.10000		0.00093		0.45521
0.12424		0.27297		0.02540		0.10000		0.00093		0.50988
0.13232		0.27297		0.02540		0.10000		0.00093		0.56732
0.14242		0.27297		0.02540		0.10000		0.00093		0.61114
0.15657		0.27297		0.02540		0.10000		0.00093		0.63901
0.17273		0.27297		0.02540		0.10000		0.00093		0.66943
0.19293		0.27297		0.02540		0.10000		0.00093		0.72133
0.21919		0.27297		0.02540		0.10000		0.00093		0.75707
0.25354		0.27297		0.02540		0.10000		0.00093		0.77962
0.29394		0.27297		0.02540		0.10000		0.00093		0.77792
0.34646		0.27297		0.02540		0.10000		0.00093		0.72793
0.41515		0.27297		0.02540		0.10000		0.00093		0.60263
0.11737		0.44234		0.02540		0.90000		0.00421		0.57536
0.12424		0.44234		0.02540		0.90000		0.00421		0.60684
0.13232		0.44234		0.02540		0.90000		0.00421		0.65683
0.14242		0.44234		0.02540		0.90000		0.00421		0.70151
0.15657		0.44234		0.02540		0.90000		0.00421		0.74618
0.17273		0.44234		0.02540		0.90000		0.00421		0.77213
0.19293		0.44234		0.02540		0.90000		0.00421		0.79298
0.21919		0.44234		0.02540		0.90000		0.00421		0.79744
0.25354		0.44234		0.02540		0.90000		0.00421		0.75639
0.29394		0.44234		0.02540		0.90000		0.00421		0.69151
0.34646		0.44234		0.02540		0.90000		0.00421		0.60769
0.10808		0.44234		0.02540		0.58081		0.00433		0.47380
0.11212		0.44234		0.02540		0.58081		0.00433		0.51911
0.11737		0.44234		0.02540		0.58081		0.00433		0.56953
0.12424		0.44234		0.02540		0.58081		0.00433		0.62548
0.13232		0.44234		0.02540		0.58081		0.00433		0.67334
0.14242		0.44234		0.02540		0.58081		0.00433		0.71312
0.15657		0.44234		0.02540		0.58081		0.00433		0.73141
0.17273		0.44234		0.02540		0.58081		0.00433		0.75247
0.19293		0.44234		0.02540		0.58081		0.00433		0.75460
0.21919		0.44234		0.02540		0.58081		0.00433		0.73546
0.25354		0.44234		0.02540		0.58081		0.00433		0.69993
0.29394		0.44234		0.02540		0.58081		0.00433		0.63250
0.34646		0.44234		0.02540		0.58081		0.00433		0.54336
0.10000		0.44234		0.02540		0.25960		0.00450		0.37003
0.10202		0.44234		0.02540		0.25960		0.00450		0.38812
0.10465		0.44234		0.02540		0.25960		0.00450		0.43853
0.10808		0.44234		0.02540		0.25960		0.00450		0.47810
0.11212		0.44234		0.02540		0.25960		0.00450		0.53639
0.11737		0.44234		0.02540		0.25960		0.00450		0.59212
0.12424		0.44234		0.02540		0.25960		0.00450		0.64530
0.13232		0.44234		0.02540		0.25960		0.00450		0.67423
0.14242		0.44234		0.02540		0.25960		0.00450		0.68678
0.15657		0.44234		0.02540		0.25960		0.00450		0.69146
0.17273		0.44234		0.02540		0.25960		0.00450		0.69338
0.19293		0.44234		0.02540		0.25960		0.00450		0.69253
0.21919		0.44234		0.02540		0.25960		0.00450		0.66487
0.25354		0.44234		0.02540		0.25960		0.00450		0.62084
0.29394		0.44234		0.02540		0.25960		0.00450		0.56085
0.34646		0.44234		0.02540		0.25960		0.00450		0.46044
0.10000		0.44234		0.02540		0.10000		0.00461		0.43538
0.10202		0.44234		0.02540		0.10000		0.00461		0.45644
0.10465		0.44234		0.02540		0.10000		0.00461		0.51239
0.10808		0.44234		0.02540		0.10000		0.00461		0.55472
0.11212		0.44234		0.02540		0.10000		0.00461		0.60003
0.11737		0.44234		0.02540		0.10000		0.00461		0.64513
0.12424		0.44234		0.02540		0.10000		0.00461		0.68215
0.13232		0.44234		0.02540		0.10000		0.00461		0.69491
0.14242		0.44234		0.02540		0.10000		0.00461		0.69704
0.15657		0.44234		0.02540		0.10000		0.00461		0.68832
0.17273		0.44234		0.02540		0.10000		0.00461		0.67683
0.19293		0.44234		0.02540		0.10000		0.00461		0.66811
0.21919		0.44234		0.02540		0.10000		0.00461		0.63513
0.25354		0.44234		0.02540		0.10000		0.00461		0.59684
0.29394		0.44234		0.02540		0.10000		0.00461		0.54770
0.34646		0.44234		0.02540		0.10000		0.00461		0.46900
0.10202		0.55766		0.02540		0.90000		0.01218		0.44713
0.10465		0.55766		0.02540		0.90000		0.01218		0.51605
0.10808		0.55766		0.02540		0.90000		0.01218		0.56094
0.11212		0.55766		0.02540		0.90000		0.01218		0.60029
0.11737		0.55766		0.02540		0.90000		0.01218		0.64241
0.12424		0.55766		0.02540		0.90000		0.01218		0.67368
0.13232		0.55766		0.02540		0.90000		0.01218		0.70240
0.14242		0.55766		0.02540		0.90000		0.01218		0.73112
0.15657		0.55766		0.02540		0.90000		0.01218		0.76260
0.17273		0.55766		0.02540		0.90000		0.01218		0.75622
0.19293		0.55766		0.02540		0.90000		0.01218		0.75260
0.21919		0.55766		0.02540		0.90000		0.01218		0.74622
0.25354		0.55766		0.02540		0.90000		0.01218		0.70474
0.29394		0.55766		0.02540		0.90000		0.01218		0.64454
0.34646		0.55766		0.02540		0.90000		0.01218		0.56838
0.41515		0.55766		0.02540		0.90000		0.01218		0.46500
0.49596		0.55766		0.02540		0.90000		0.01218		0.33481
0.10202		0.55766		0.02540		0.25960		0.01303		0.48646
0.10465		0.55766		0.02540		0.25960		0.01303		0.52879
0.10808		0.55766		0.02540		0.25960		0.01303		0.57113
0.11212		0.55766		0.02540		0.25960		0.01303		0.60516
0.11737		0.55766		0.02540		0.25960		0.01303		0.64218
0.12424		0.55766		0.02540		0.25960		0.01303		0.67089
0.13232		0.55766		0.02540		0.25960		0.01303		0.68642
0.14242		0.55766		0.02540		0.25960		0.01303		0.68281
0.15657		0.55766		0.02540		0.25960		0.01303		0.66579
0.17273		0.55766		0.02540		0.25960		0.01303		0.65707
0.19293		0.55766		0.02540		0.25960		0.01303		0.64558
0.21919		0.55766		0.02540		0.25960		0.01303		0.62048
0.25354		0.55766		0.02540		0.25960		0.01303		0.59261
0.29394		0.55766		0.02540		0.25960		0.01303		0.56219
0.34646		0.55766		0.02540		0.25960		0.01303		0.52113
0.41515		0.55766		0.02540		0.25960		0.01303		0.46646
0.49596		0.55766		0.02540		0.25960		0.01303		0.36882
0.10000		0.72703		0.02540		0.90000		0.01610		0.29413
0.10202		0.72703		0.02540		0.90000		0.01610		0.32158
0.10465		0.72703		0.02540		0.90000		0.01610		0.36518
0.10808		0.72703		0.02540		0.90000		0.01610		0.39816
0.11212		0.72703		0.02540		0.90000		0.01610		0.44942
0.11737		0.72703		0.02540		0.90000		0.01610		0.50899
0.12424		0.72703		0.02540		0.90000		0.01610		0.54451
0.13232		0.72703		0.02540		0.90000		0.01610		0.57727
0.14242		0.72703		0.02540		0.90000		0.01610		0.58876
0.15657		0.72703		0.02540		0.90000		0.01610		0.58982
0.17273		0.72703		0.02540		0.90000		0.01610		0.59876
0.19293		0.72703		0.02540		0.90000		0.01610		0.59706
0.21919		0.72703		0.02540		0.90000		0.01610		0.59259
0.25354		0.72703		0.02540		0.90000		0.01610		0.57238
0.29394		0.72703		0.02540		0.90000		0.01610		0.52005
0.34646		0.72703		0.02540		0.90000		0.01610		0.45176
0.41515		0.72703		0.02540		0.90000		0.01610		0.35710
0.10000		0.72703		0.02540		0.58081		0.01657		0.23978
0.10202		0.72703		0.02540		0.58081		0.01657		0.25127
0.10465		0.72703		0.02540		0.58081		0.01657		0.28148
0.10808		0.72703		0.02540		0.58081		0.01657		0.35699
0.11212		0.72703		0.02540		0.58081		0.01657		0.44549
0.11737		0.72703		0.02540		0.58081		0.01657		0.50484
0.12424		0.72703		0.02540		0.58081		0.01657		0.51930
0.13232		0.72703		0.02540		0.58081		0.01657		0.58121
0.14242		0.72703		0.02540		0.58081		0.01657		0.65141
0.15657		0.72703		0.02540		0.58081		0.01657		0.59121
0.17273		0.72703		0.02540		0.58081		0.01657		0.56547
0.19293		0.72703		0.02540		0.58081		0.01657		0.55845
0.21919		0.72703		0.02540		0.58081		0.01657		0.54079
0.25354		0.72703		0.02540		0.58081		0.01657		0.49123
0.29394		0.72703		0.02540		0.58081		0.01657		0.43102
0.34646		0.72703		0.02540		0.58081		0.01657		0.34423
0.10000		0.72703		0.02540		0.25960		0.01722		0.32685
0.10202		0.72703		0.02540		0.25960		0.01722		0.34110
0.10465		0.72703		0.02540		0.25960		0.01722		0.35025
0.10808		0.72703		0.02540		0.25960		0.01722		0.35663
0.11212		0.72703		0.02540		0.25960		0.01722		0.40067
0.11737		0.72703		0.02540		0.25960		0.01722		0.54958
0.12424		0.72703		0.02540		0.25960		0.01722		0.77953
0.13232		0.72703		0.02540		0.25960		0.01722		0.84229
0.14242		0.72703		0.02540		0.25960		0.01722		0.69529
0.15657		0.72703		0.02540		0.25960		0.01722		0.61552
0.17273		0.72703		0.02540		0.25960		0.01722		0.59489
0.19293		0.72703		0.02540		0.25960		0.01722		0.54192
0.21919		0.72703		0.02540		0.25960		0.01722		0.52937
0.25354		0.72703		0.02540		0.25960		0.01722		0.51150
0.29394		0.72703		0.02540		0.25960		0.01722		0.45045
0.10000		0.72703		0.02540		0.10000		0.01766		0.37157
0.10202		0.72703		0.02540		0.10000		0.01766		0.38880
0.10465		0.72703		0.02540		0.10000		0.01766		0.41986
0.10808		0.72703		0.02540		0.10000		0.01766		0.46985
0.11212		0.72703		0.02540		0.10000		0.01766		0.61684
0.11737		0.72703		0.02540		0.10000		0.01766		0.81276
0.12424		0.72703		0.02540		0.10000		0.01766		0.86254
0.13232		0.72703		0.02540		0.10000		0.01766		0.70448
0.14242		0.72703		0.02540		0.10000		0.01766		0.63024
0.15657		0.72703		0.02540		0.10000		0.01766		0.59918
0.17273		0.72703		0.02540		0.10000		0.01766		0.54621
0.19293		0.72703		0.02540		0.10000		0.01766		0.54217
0.21919		0.72703		0.02540		0.10000		0.01766		0.52728
0.25354		0.72703		0.02540		0.10000		0.01766		0.49601
0.29394		0.72703		0.02540		0.10000		0.01766		0.41092
0.10465		0.90000		0.02540		0.90000		0.02142		0.36542
0.10808		0.90000		0.02540		0.90000		0.02142		0.40945
0.11212		0.90000		0.02540		0.90000		0.02142		0.41030
0.11737		0.90000		0.02540		0.90000		0.02142		0.46753
0.12424		0.90000		0.02540		0.90000		0.02142		0.52220
0.13232		0.90000		0.02540		0.90000		0.02142		0.75662
0.14242		0.90000		0.02540		0.90000		0.02142		0.90000
0.15657		0.90000		0.02540		0.90000		0.02142		0.70493
0.17273		0.90000		0.02540		0.90000		0.02142		0.60665
0.19293		0.90000		0.02540		0.90000		0.02142		0.58325
0.21919		0.90000		0.02540		0.90000		0.02142		0.54134
0.25354		0.90000		0.02540		0.90000		0.02142		0.53688
0.29394		0.90000		0.02540		0.90000		0.02142		0.57538
0.34646		0.90000		0.02540		0.90000		0.02142		0.52007
0.41515		0.90000		0.02540		0.90000		0.02142		0.48880
0.10000		0.90000		0.02540		0.25960		0.02290		0.36986
0.10202		0.90000		0.02540		0.25960		0.02290		0.39794
0.10465		0.90000		0.02540		0.25960		0.02290		0.46878
0.10808		0.90000		0.02540		0.25960		0.02290		0.52622
0.11212		0.90000		0.02540		0.25960		0.02290		0.66151
0.11737		0.90000		0.02540		0.25960		0.02290		0.81574
0.12424		0.90000		0.02540		0.25960		0.02290		0.81680
0.13232		0.90000		0.02540		0.25960		0.02290		0.63258
0.14242		0.90000		0.02540		0.25960		0.02290		0.59067
0.15657		0.90000		0.02540		0.25960		0.02290		0.50069
0.17273		0.90000		0.02540		0.25960		0.02290		0.48027
0.19293		0.90000		0.02540		0.25960		0.02290		0.48133
0.21919		0.90000		0.02540		0.25960		0.02290		0.47176
0.25354		0.90000		0.02540		0.25960		0.02290		0.44602
0.29394		0.90000		0.02540		0.25960		0.02290		0.42836
0.11737		0.10000		0.10160		0.90000		0.00121		0.54194
0.12424		0.10000		0.10160		0.90000		0.00121		0.59831
0.13232		0.10000		0.10160		0.90000		0.00121		0.64128
0.14242		0.10000		0.10160		0.90000		0.00121		0.67340
0.15657		0.10000		0.10160		0.90000		0.00121		0.70297
0.17273		0.10000		0.10160		0.90000		0.00121		0.71084
0.19293		0.10000		0.10160		0.90000		0.00121		0.72148
0.21919		0.10000		0.10160		0.90000		0.00121		0.70787
0.25354		0.10000		0.10160		0.90000		0.00121		0.68617
0.29394		0.10000		0.10160		0.90000		0.00121		0.68319
0.34646		0.10000		0.10160		0.90000		0.00121		0.65341
0.41515		0.10000		0.10160		0.90000		0.00121		0.56981
0.49596		0.10000		0.10160		0.90000		0.00121		0.52386
0.59697		0.10000		0.10160		0.90000		0.00121		0.44026
0.11737		0.10000		0.10160		0.58081		0.00132		0.58480
0.12424		0.10000		0.10160		0.58081		0.00132		0.62203
0.13232		0.10000		0.10160		0.58081		0.00132		0.66202
0.14242		0.10000		0.10160		0.58081		0.00132		0.69670
0.15657		0.10000		0.10160		0.58081		0.00132		0.70989
0.17273		0.10000		0.10160		0.58081		0.00132		0.72031
0.19293		0.10000		0.10160		0.58081		0.00132		0.73095
0.21919		0.10000		0.10160		0.58081		0.00132		0.70414
0.25354		0.10000		0.10160		0.58081		0.00132		0.65564
0.29394		0.10000		0.10160		0.58081		0.00132		0.63139
0.34646		0.10000		0.10160		0.58081		0.00132		0.61799
0.41515		0.10000		0.10160		0.58081		0.00132		0.54821
0.49596		0.10000		0.10160		0.58081		0.00132		0.49461
0.59697		0.10000		0.10160		0.58081		0.00132		0.45164
0.11737		0.10000		0.10160		0.25960		0.00146		0.56844
0.12424		0.10000		0.10160		0.25960		0.00146		0.63226
0.13232		0.10000		0.10160		0.25960		0.00146		0.68289
0.14242		0.10000		0.10160		0.25960		0.00146		0.71459
0.15657		0.10000		0.10160		0.25960		0.00146		0.73565
0.17273		0.10000		0.10160		0.25960		0.00146		0.73543
0.19293		0.10000		0.10160		0.25960		0.00146		0.72182
0.21919		0.10000		0.10160		0.25960		0.00146		0.68672
0.25354		0.10000		0.10160		0.25960		0.00146		0.61950
0.29394		0.10000		0.10160		0.25960		0.00146		0.58163
0.34646		0.10000		0.10160		0.25960		0.00146		0.57334
0.41515		0.10000		0.10160		0.25960		0.00146		0.50335
0.49596		0.10000		0.10160		0.25960		0.00146		0.44421
0.11737		0.10000		0.10160		0.10000		0.00150		0.58997
0.12424		0.10000		0.10160		0.10000		0.00150		0.64613
0.13232		0.10000		0.10160		0.10000		0.00150		0.69421
0.14242		0.10000		0.10160		0.10000		0.00150		0.73144
0.15657		0.10000		0.10160		0.10000		0.00150		0.74186
0.17273		0.10000		0.10160		0.10000		0.00150		0.73335
0.19293		0.10000		0.10160		0.10000		0.00150		0.70889
0.21919		0.10000		0.10160		0.10000		0.00150		0.66570
0.25354		0.10000		0.10160		0.10000		0.00150		0.60103
0.29394		0.10000		0.10160		0.10000		0.00150		0.54700
0.34646		0.10000		0.10160		0.10000		0.00150		0.54402
0.41515		0.10000		0.10160		0.10000		0.00150		0.45766
0.49596		0.10000		0.10160		0.10000		0.00150		0.36618
0.12424		0.21892		0.10160		0.90000		0.00203		0.68912
0.13232		0.21892		0.10160		0.90000		0.00203		0.69678
0.14242		0.21892		0.10160		0.90000		0.00203		0.71529
0.15657		0.21892		0.10160		0.90000		0.00203		0.74422
0.17273		0.21892		0.10160		0.90000		0.00203		0.75209
0.19293		0.21892		0.10160		0.90000		0.00203		0.74911
0.21919		0.21892		0.10160		0.90000		0.00203		0.71125
0.25354		0.21892		0.10160		0.90000		0.00203		0.63871
0.29394		0.21892		0.10160		0.90000		0.00203		0.60361
0.34646		0.21892		0.10160		0.90000		0.00203		0.55787
0.41515		0.21892		0.10160		0.90000		0.00203		0.47980
0.49596		0.21892		0.10160		0.90000		0.00203		0.38322
0.11737		0.21892		0.10160		0.58081		0.00221		0.59393
0.12424		0.21892		0.10160		0.58081		0.00221		0.64754
0.13232		0.21892		0.10160		0.58081		0.00221		0.69029
0.14242		0.21892		0.10160		0.58081		0.00221		0.72518
0.15657		0.21892		0.10160		0.58081		0.00221		0.74390
0.17273		0.21892		0.10160		0.58081		0.00221		0.74390
0.19293		0.21892		0.10160		0.58081		0.00221		0.72773
0.21919		0.21892		0.10160		0.58081		0.00221		0.67966
0.25354		0.21892		0.10160		0.58081		0.00221		0.60733
0.29394		0.21892		0.10160		0.58081		0.00221		0.55649
0.34646		0.21892		0.10160		0.58081		0.00221		0.53522
0.41515		0.21892		0.10160		0.58081		0.00221		0.46566
0.49596		0.21892		0.10160		0.58081		0.00221		0.36121
0.11737		0.21892		0.10160		0.25960		0.00245		0.60780
0.12424		0.21892		0.10160		0.25960		0.00245		0.66609
0.13232		0.21892		0.10160		0.25960		0.00245		0.70821
0.14242		0.21892		0.10160		0.25960		0.00245		0.73458
0.15657		0.21892		0.10160		0.25960		0.00245		0.73161
0.17273		0.21892		0.10160		0.25960		0.00245		0.71523
0.19293		0.21892		0.10160		0.25960		0.00245		0.68310
0.21919		0.21892		0.10160		0.25960		0.00245		0.63226
0.25354		0.21892		0.10160		0.25960		0.00245		0.55738
0.29394		0.21892		0.10160		0.25960		0.00245		0.50399
0.34646		0.21892		0.10160		0.25960		0.00245		0.47165
0.41515		0.21892		0.10160		0.25960		0.00245		0.41294
0.49596		0.21892		0.10160		0.25960		0.00245		0.35402
0.11737		0.21892		0.10160		0.10000		0.00251		0.64398
0.12424		0.21892		0.10160		0.10000		0.00251		0.69525
0.13232		0.21892		0.10160		0.10000		0.00251		0.73035
0.14242		0.21892		0.10160		0.10000		0.00251		0.75184
0.15657		0.21892		0.10160		0.10000		0.00251		0.73865
0.17273		0.21892		0.10160		0.10000		0.00251		0.70121
0.19293		0.21892		0.10160		0.10000		0.00251		0.67462
0.21919		0.21892		0.10160		0.10000		0.00251		0.62909
0.25354		0.21892		0.10160		0.10000		0.00251		0.55677
0.29394		0.21892		0.10160		0.10000		0.00251		0.49784
0.34646		0.21892		0.10160		0.10000		0.00251		0.46848
0.41515		0.21892		0.10160		0.10000		0.00251		0.39892
0.11737		0.34144		0.10160		0.90000		0.00478		0.69708
0.12424		0.34144		0.10160		0.90000		0.00478		0.76154
0.13232		0.34144		0.10160		0.90000		0.00478		0.81004
0.14242		0.34144		0.10160		0.90000		0.00478		0.82918
0.15657		0.34144		0.10160		0.90000		0.00478		0.80834
0.17273		0.34144		0.10160		0.90000		0.00478		0.76345
0.19293		0.34144		0.10160		0.90000		0.00478		0.69729
0.21919		0.34144		0.10160		0.90000		0.00478		0.54838
0.11212		0.34144		0.10160		0.58081		0.00521		0.65230
0.11737		0.34144		0.10160		0.58081		0.00521		0.73058
0.12424		0.34144		0.10160		0.58081		0.00521		0.79291
0.13232		0.34144		0.10160		0.58081		0.00521		0.82014
0.14242		0.34144		0.10160		0.58081		0.00521		0.81270
0.15657		0.34144		0.10160		0.58081		0.00521		0.74399
0.17273		0.34144		0.10160		0.58081		0.00521		0.65890
0.19293		0.34144		0.10160		0.58081		0.00521		0.54445
0.10808		0.34144		0.10160		0.25960		0.00578		0.63001
0.11212		0.34144		0.10160		0.25960		0.00578		0.68659
0.11737		0.34144		0.10160		0.25960		0.00578		0.73765
0.12424		0.34144		0.10160		0.25960		0.00578		0.76466
0.13232		0.34144		0.10160		0.25960		0.00578		0.76232
0.14242		0.34144		0.10160		0.25960		0.00578		0.71723
0.15657		0.34144		0.10160		0.25960		0.00578		0.61044
0.17273		0.34144		0.10160		0.25960		0.00578		0.50110
0.10465		0.34144		0.10160		0.10000		0.00593		0.58685
0.10808		0.34144		0.10160		0.10000		0.00593		0.63003
0.11212		0.34144		0.10160		0.10000		0.00593		0.67066
0.11737		0.34144		0.10160		0.10000		0.00593		0.71129
0.12424		0.34144		0.10160		0.10000		0.00593		0.72767
0.13232		0.34144		0.10160		0.10000		0.00593		0.70108
0.14242		0.34144		0.10160		0.10000		0.00593		0.65045
0.15657		0.34144		0.10160		0.10000		0.00593		0.54600
0.17273		0.34144		0.10160		0.10000		0.00593		0.46304
0.10000		0.42072		0.10160		0.90000		0.01031		0.74080
0.10202		0.42072		0.10160		0.90000		0.01031		0.76271
0.10465		0.42072		0.10160		0.90000		0.01031		0.80632
0.10808		0.42072		0.10160		0.90000		0.01031		0.83908
0.11212		0.42072		0.10160		0.90000		0.01031		0.84758
0.11737		0.42072		0.10160		0.90000		0.01031		0.84546
0.12424		0.42072		0.10160		0.90000		0.01031		0.83248
0.13232		0.42072		0.10160		0.90000		0.01031		0.78185
0.14242		0.42072		0.10160		0.90000		0.01031		0.72569
0.15657		0.42072		0.10160		0.90000		0.01031		0.63996
0.17273		0.42072		0.10160		0.90000		0.01031		0.54360
0.19293		0.42072		0.10160		0.90000		0.01031		0.53062
0.21919		0.42072		0.10160		0.90000		0.01031		0.52296
0.25354		0.42072		0.10160		0.90000		0.01031		0.45872
0.29394		0.42072		0.10160		0.90000		0.01031		0.38384
0.34646		0.42072		0.10160		0.90000		0.01031		0.39512
0.10000		0.42072		0.10160		0.25960		0.01246		0.73903
0.10202		0.42072		0.10160		0.25960		0.01246		0.75860
0.10465		0.42072		0.10160		0.25960		0.01246		0.78072
0.10808		0.42072		0.10160		0.25960		0.01246		0.78413
0.11212		0.42072		0.10160		0.25960		0.01246		0.74690
0.11737		0.42072		0.10160		0.25960		0.01246		0.70712
0.12424		0.42072		0.10160		0.25960		0.01246		0.68627
0.13232		0.42072		0.10160		0.25960		0.01246		0.65734
0.14242		0.42072		0.10160		0.25960		0.01246		0.61756
0.15657		0.42072		0.10160		0.25960		0.01246		0.53481
0.17273		0.42072		0.10160		0.25960		0.01246		0.43313
0.19293		0.42072		0.10160		0.25960		0.01246		0.43632
0.21919		0.42072		0.10160		0.25960		0.01246		0.43972
0.25354		0.42072		0.10160		0.25960		0.01246		0.37314
0.29394		0.42072		0.10160		0.25960		0.01246		0.30634
0.34646		0.42072		0.10160		0.25960		0.01246		0.30698
0.10000		0.54324		0.10160		0.90000		0.03378		0.67879
0.10202		0.54324		0.10160		0.90000		0.03378		0.69963
0.10465		0.54324		0.10160		0.90000		0.03378		0.81663
0.10808		0.54324		0.10160		0.90000		0.03378		0.86684
0.11212		0.54324		0.10160		0.90000		0.03378		0.88236
0.11737		0.54324		0.10160		0.90000		0.03378		0.78047
0.12424		0.54324		0.10160		0.90000		0.03378		0.60922
0.13232		0.54324		0.10160		0.90000		0.03378		0.62220
0.14242		0.54324		0.10160		0.90000		0.03378		0.59497
0.15657		0.54324		0.10160		0.90000		0.03378		0.55455
0.17273		0.54324		0.10160		0.90000		0.03378		0.50073
0.19293		0.54324		0.10160		0.90000		0.03378		0.48159
0.21919		0.54324		0.10160		0.90000		0.03378		0.47053
0.25354		0.54324		0.10160		0.90000		0.03378		0.41139
0.29394		0.54324		0.10160		0.90000		0.03378		0.37076
0.34646		0.54324		0.10160		0.90000		0.03378		0.32502
0.10000		0.54324		0.10160		0.58081		0.03682		0.71529
0.10202		0.54324		0.10160		0.58081		0.03682		0.73635
0.10465		0.54324		0.10160		0.58081		0.03682		0.78698
0.10808		0.54324		0.10160		0.58081		0.03682		0.80272
0.11212		0.54324		0.10160		0.58081		0.03682		0.74656
0.11737		0.54324		0.10160		0.58081		0.03682		0.54383
0.12424		0.54324		0.10160		0.58081		0.03682		0.56234
0.13232		0.54324		0.10160		0.58081		0.03682		0.57021
0.14242		0.54324		0.10160		0.58081		0.03682		0.54319
0.15657		0.54324		0.10160		0.58081		0.03682		0.49235
0.17273		0.54324		0.10160		0.58081		0.03682		0.42300
0.19293		0.54324		0.10160		0.58081		0.03682		0.39088
0.21919		0.54324		0.10160		0.58081		0.03682		0.38790
0.25354		0.54324		0.10160		0.58081		0.03682		0.33451
0.29394		0.54324		0.10160		0.58081		0.03682		0.28367
0.34646		0.54324		0.10160		0.58081		0.03682		0.24346
0.10000		0.54324		0.10160		0.25960		0.04083		0.63533
0.10202		0.54324		0.10160		0.25960		0.04083		0.65936
0.10465		0.54324		0.10160		0.25960		0.04083		0.65383
0.10808		0.54324		0.10160		0.25960		0.04083		0.62937
0.11212		0.54324		0.10160		0.25960		0.04083		0.50046
0.11737		0.54324		0.10160		0.25960		0.04083		0.48152
0.12424		0.54324		0.10160		0.25960		0.04083		0.50280
0.13232		0.54324		0.10160		0.25960		0.04083		0.50535
0.14242		0.54324		0.10160		0.25960		0.04083		0.47833
0.15657		0.54324		0.10160		0.25960		0.04083		0.40835
0.17273		0.54324		0.10160		0.25960		0.04083		0.32772
0.19293		0.54324		0.10160		0.25960		0.04083		0.31134
0.21919		0.54324		0.10160		0.25960		0.04083		0.30581
0.25354		0.54324		0.10160		0.25960		0.04083		0.26008
0.29394		0.54324		0.10160		0.25960		0.04083		0.21157
0.34646		0.54324		0.10160		0.25960		0.04083		0.19796
0.10000		0.54324		0.10160		0.10000		0.04188		0.55964
0.10202		0.54324		0.10160		0.10000		0.04188		0.57815
0.10465		0.54324		0.10160		0.10000		0.04188		0.55389
0.10808		0.54324		0.10160		0.10000		0.04188		0.52177
0.11212		0.54324		0.10160		0.10000		0.04188		0.42519
0.11737		0.54324		0.10160		0.10000		0.04188		0.43838
0.12424		0.54324		0.10160		0.10000		0.04188		0.45434
0.13232		0.54324		0.10160		0.10000		0.04188		0.44881
0.14242		0.54324		0.10160		0.10000		0.04188		0.42732
0.15657		0.54324		0.10160		0.10000		0.04188		0.33606
0.17273		0.54324		0.10160		0.10000		0.04188		0.25033
0.19293		0.54324		0.10160		0.10000		0.04188		0.24757
0.21919		0.54324		0.10160		0.10000		0.04188		0.24736
0.25354		0.54324		0.10160		0.10000		0.04188		0.20694
0.29394		0.54324		0.10160		0.10000		0.04188		0.18013
0.34646		0.54324		0.10160		0.10000		0.04188		0.18269
0.10000		0.66216		0.10160		0.90000		0.04373		0.68538
0.10202		0.66216		0.10160		0.90000		0.04373		0.71218
0.10465		0.66216		0.10160		0.90000		0.04373		0.74728
0.10808		0.66216		0.10160		0.90000		0.04373		0.75260
0.11212		0.66216		0.10160		0.90000		0.04373		0.67985
0.11737		0.66216		0.10160		0.90000		0.04373		0.50222
0.12424		0.66216		0.10160		0.90000		0.04373		0.54264
0.13232		0.66216		0.10160		0.90000		0.04373		0.54796
0.14242		0.66216		0.10160		0.90000		0.04373		0.52116
0.15657		0.66216		0.10160		0.90000		0.04373		0.48606
0.17273		0.66216		0.10160		0.90000		0.04373		0.45117
0.19293		0.66216		0.10160		0.90000		0.04373		0.43224
0.21919		0.66216		0.10160		0.90000		0.04373		0.37842
0.25354		0.66216		0.10160		0.90000		0.04373		0.31098
0.10000		0.66216		0.10160		0.25960		0.05285		0.52830
0.10202		0.66216		0.10160		0.25960		0.05285		0.55234
0.10465		0.66216		0.10160		0.25960		0.05285		0.51214
0.10808		0.66216		0.10160		0.25960		0.05285		0.46385
0.11212		0.66216		0.10160		0.25960		0.05285		0.35365
0.11737		0.66216		0.10160		0.25960		0.05285		0.41279
0.12424		0.66216		0.10160		0.25960		0.05285		0.43151
0.13232		0.66216		0.10160		0.25960		0.05285		0.43704
0.14242		0.66216		0.10160		0.25960		0.05285		0.41556
0.15657		0.66216		0.10160		0.25960		0.05285		0.33770
0.17273		0.66216		0.10160		0.25960		0.05285		0.25984
0.19293		0.66216		0.10160		0.25960		0.05285		0.24644
0.21919		0.66216		0.10160		0.25960		0.05285		0.22496
0.25354		0.66216		0.10160		0.25960		0.05285		0.16858
0.29394		0.66216		0.10160		0.25960		0.05285		0.16050
0.34646		0.66216		0.10160		0.25960		0.05285		0.11753
